      Assignment         w1         w2         w3       Height       Volume
            ?-?-?     22.513     25.417      0.255   6.44E+06   1.07E+08 bx
            ?-?-?     21.184     22.724      1.138   1.68E+07   2.51E+08 bx
            ?-?-?     25.131     23.243      0.864   1.32E+07   2.06E+08 bx
            ?-?-?     22.744     21.176      0.981   1.36E+07   2.08E+08 bx
            ?-?-?     25.428     22.499      0.099   8.00E+06   1.27E+08 bx
            ?-?-?     22.810     21.056      0.933   9.60E+06   1.50E+08 bx
            ?-?-?     24.897     27.947      1.052   4.83E+06   8.33E+07 bx
            ?-?-?     27.947     24.882      0.739   6.13E+06   9.84E+07 bx
            ?-?-?     22.741     24.095      0.989   7.85E+06   1.40E+08 bx
            ?-?-?     25.777     24.232      0.986   1.03E+07   1.60E+08 bx
            ?-?-?     22.133     25.566      0.975   7.54E+06   1.19E+08 bx
            ?-?-?     21.185     21.181      0.980   3.94E+08   6.03E+09 bx
            ?-?-?     21.061     21.066      0.933   2.62E+08   4.05E+09 bx
            ?-?-?     10.198     10.190      0.680   2.43E+08   3.58E+09 bx
            ?-?-?     10.075     10.076      0.251   3.12E+08   4.80E+09 bx
            ?-?-?     13.595     13.597      0.717   2.16E+08   3.14E+09 bx
            ?-?-?     13.798     13.791      0.642   1.35E+08   1.98E+09 bx
            ?-?-?     14.098     14.091      0.735   1.40E+08   2.21E+09 bx
            ?-?-?     14.297     14.295      0.690   2.59E+08   3.87E+09 bx
            ?-?-?     14.686     14.688      0.682   2.40E+08   3.43E+09 bx
            ?-?-?     13.774     13.772      0.759   3.00E+08   4.65E+09 bx
            ?-?-?     25.572     22.129      0.991   6.79E+06   1.12E+08 bx
            ?-?-?     22.133     22.133      0.991   1.61E+08   2.63E+09 bx
            ?-?-?     21.766     26.752      0.781   4.60E+06   7.52E+07 bx
            ?-?-?     26.754     26.756      0.782   1.04E+08   1.64E+09 bx
            ?-?-?     22.166     22.172      0.705   1.12E+08   1.76E+09 bx
            ?-?-?     25.505     22.159      0.706   8.85E+06   1.45E+08 bx
            ?-?-?     21.784     21.775      0.703   1.13E+08   1.80E+09 bx
            ?-?-?     26.735     21.771      0.703   5.85E+06   9.15E+07 bx
            ?-?-?     22.531     22.530      0.833   4.64E+08   6.53E+09 bx
            ?-?-?     26.107     22.535      0.832   1.15E+07   1.63E+08 bx
            ?-?-?     22.688     22.688      0.880   1.40E+08   2.30E+09 bx
            ?-?-?     24.168     22.706      0.880   5.88E+06   9.00E+07 bx
            ?-?-?     22.730     22.722      1.138   3.29E+08   4.85E+09 bx
            ?-?-?     23.022     23.018      1.012   2.03E+08   3.29E+09 bx
            ?-?-?     25.363     23.032      1.012   8.52E+06   1.38E+08 bx
            ?-?-?     23.407     23.410      0.937   3.19E+08   5.06E+09 bx
            ?-?-?     26.166     23.406      0.938   8.83E+06   1.45E+08 bx
            ?-?-?     23.243     23.247      0.864   4.09E+08   6.18E+09 bx
            ?-?-?     25.875     23.187      0.721   6.89E+06   1.06E+08 bx
            ?-?-?     23.199     23.192      0.722   1.79E+08   2.73E+09 bx
            ?-?-?     23.572     23.580      0.625   1.57E+08   2.49E+09 bx
            ?-?-?     22.989     23.560      0.627   1.01E+07   1.64E+08 bx
            ?-?-?     21.064     22.826      0.957   9.71E+06   1.46E+08 bx
            ?-?-?     22.862     22.858      0.956   4.00E+08   6.58E+09 bx
            ?-?-?     23.580     22.878      0.956   6.06E+06   1.03E+08 bx
            ?-?-?     27.786     22.838      0.956   5.96E+06   8.91E+07 bx
            ?-?-?     23.773     23.774      0.920   1.85E+08   3.04E+09 bx
            ?-?-?     27.182     23.770      0.920   1.09E+07   1.69E+08 bx
            ?-?-?     23.942     23.947      0.987   1.97E+08   3.49E+09 bx
            ?-?-?     26.556     23.913      0.987   8.77E+06   1.39E+08 bx
            ?-?-?     24.159     24.165      1.025   1.68E+08   2.94E+09 bx
            ?-?-?     27.116     24.165      1.026   7.78E+06   1.31E+08 bx
            ?-?-?     24.949     24.030      0.887   1.73E+07   2.60E+08 bx
            ?-?-?     24.013     24.015      0.886   6.74E+08   1.03E+10 bx
            ?-?-?     25.661     23.984      0.860   6.60E+06   1.10E+08 bx
            ?-?-?     24.003     24.013      0.858   2.19E+08   4.16E+09 bx
            ?-?-?     23.913     23.918      0.818   5.39E+08   7.62E+09 bx
            ?-?-?     25.572     23.918      0.817   1.27E+07   1.82E+08 bx
            ?-?-?     24.378     24.382      0.903   6.16E+08   9.05E+09 bx
            ?-?-?     24.525     24.379      0.904   2.32E+08   4.61E+09 bx
            ?-?-?     24.533     24.541      0.927   6.42E+08   9.77E+09 bx
            ?-?-?     24.386     24.522      0.927   4.31E+08   7.67E+09 bx
            ?-?-?     24.934     24.940      0.895   7.87E+08   1.27E+10 bx
            ?-?-?     24.029     24.943      0.894   1.72E+07   2.67E+08 bx
            ?-?-?     26.138     24.833      0.877   6.77E+06   1.12E+08 bx
            ?-?-?     24.802     24.825      0.877   1.67E+08   3.43E+09 bx
            ?-?-?     23.244     25.134      0.863   1.30E+07   1.95E+08 bx
            ?-?-?     25.141     25.139      0.862   5.42E+08   8.68E+09 bx
            ?-?-?     24.777     25.221      0.839   1.84E+07   4.65E+08 bx
            ?-?-?     25.237     25.236      0.838   2.88E+08   4.93E+09 bx
            ?-?-?     23.916     25.562      0.815   9.86E+06   1.49E+08 bx
            ?-?-?     25.567     25.561      0.815   4.76E+08   7.21E+09 bx
            ?-?-?     22.158     25.513      0.869   6.36E+06   1.06E+08 bx
            ?-?-?     25.529     25.521      0.869   1.80E+08   3.34E+09 bx
            ?-?-?     24.005     25.647      0.861   6.29E+06   1.03E+08 bx
            ?-?-?     25.625     25.640      0.860   1.84E+08   3.20E+09 bx
            ?-?-?     25.570     25.570      0.977   2.62E+08   4.26E+09 bx
            ?-?-?     25.348     25.347      1.036   2.77E+08   4.13E+09 bx
            ?-?-?     23.031     25.343      1.036   8.16E+06   1.23E+08 bx
            ?-?-?     24.224     25.793      1.043   1.09E+07   1.64E+08 bx
            ?-?-?     25.795     25.804      1.043   2.66E+08   4.45E+09 bx
            ?-?-?     26.517     26.030      1.033   1.61E+07   2.65E+08 bx
            ?-?-?     26.031     26.035      1.033   3.11E+08   5.18E+09 bx
            ?-?-?     23.411     26.156      0.972   1.00E+07   1.51E+08 bx
            ?-?-?     26.162     26.156      0.972   2.91E+08   4.41E+09 bx
            ?-?-?     26.572     26.577      0.956   4.36E+08   6.38E+09 bx
            ?-?-?     26.045     26.582      0.957   1.80E+07   3.60E+08 bx
            ?-?-?     26.554     26.562      0.914   2.11E+08   3.33E+09 bx
            ?-?-?     23.924     26.552      0.914   7.56E+06   1.21E+08 bx
            ?-?-?     27.207     27.210      0.867   1.61E+08   2.52E+09 bx
            ?-?-?     23.765     27.199      0.867   6.91E+06   1.10E+08 bx
            ?-?-?     27.105     27.097      0.771   1.23E+08   1.98E+09 bx
            ?-?-?     24.177     27.092      0.771   8.24E+06   1.31E+08 bx
            ?-?-?     27.788     27.795      0.831   7.64E+07   1.26E+09 bx
            ?-?-?     22.836     27.803      0.831   4.72E+06   8.14E+07 bx
            ?-?-?     27.909     27.912      1.052   9.27E+07   1.52E+09 bx
            ?-?-?     25.418     25.415      0.256   1.44E+08   2.35E+09 bx
            ?-?-?     22.500     22.506      0.099   1.38E+08   2.17E+09 bx
            ?-?-?     24.196     24.185      0.987   2.50E+08   4.34E+09 bx
            ?-?-?     22.535     26.114      0.824   9.77E+06   1.41E+08 bx
            ?-?-?     23.208     25.873      0.733   5.16E+06   8.35E+07 bx
            ?-?-?     25.244     24.804      0.910   2.56E+07   9.11E+08 bx
            ?-?-?     24.856     26.147      0.883   7.57E+06   1.12E+08 bx
            ?-?-?     23.891     21.060      0.933   3.29E+06   5.22E+07 bx
            ?-?-?     13.788     10.176      0.680   3.64E+06   5.35E+07 bx
            ?-?-?     25.612     10.156      0.682   6.88E+06   1.08E+08 bx
            ?-?-?     22.162     10.194      0.680   2.08E+06   2.92E+07 bx
            ?-?-?     24.230     10.066      0.250   1.95E+06   2.99E+07 bx
            ?-?-?     23.780     10.011      0.248   9.99E+05   1.74E+07 bx
            ?-?-?     10.209     13.803      0.639   1.85E+06   2.71E+07 bx
            ?-?-?     24.839     13.578      0.720   1.35E+06   2.54E+07 bx
            ?-?-?     25.484     13.784      0.644   2.01E+06   3.10E+07 bx
            ?-?-?     24.831     13.805      0.644   2.30E+06   3.32E+07 bx
            ?-?-?     22.141     13.777      0.644   1.32E+06   1.87E+07 bx
            ?-?-?     21.767     13.796      0.642   2.46E+06   3.50E+07 bx
            ?-?-?     27.767     14.285      0.690   3.65E+06   5.46E+07 bx
            ?-?-?     22.861     14.293      0.691   4.04E+06   6.80E+07 bx
            ?-?-?     23.020     14.285      0.691   4.01E+06   6.74E+07 bx
            ?-?-?     23.917     14.293      0.691   1.37E+06   2.44E+07 bx
            ?-?-?     26.563     14.107      0.736   6.19E+06   9.61E+07 bx
            ?-?-?     23.913     14.035      0.738   1.19E+06   1.94E+07 bx
            ?-?-?     27.160     13.737      0.764   1.03E+06   1.34E+07 bx
            ?-?-?     26.569     13.767      0.763   5.51E+06   8.36E+07 bx
            ?-?-?     26.036     13.759      0.762   3.74E+06   5.93E+07 bx
            ?-?-?     25.704     13.805      0.748   3.50E+06   5.22E+07 bx
            ?-?-?     24.790     13.762      0.745   1.95E+06   2.92E+07 bx
            ?-?-?     21.775     13.796      0.746   2.20E+06   3.07E+07 bx
            ?-?-?     10.177     13.798      0.748   1.79E+06   2.29E+07 bx
            ?-?-?     24.002     14.698      0.683   6.13E+06   9.46E+07 bx
            ?-?-?     22.992     14.684      0.683   8.78E+06   1.34E+08 bx
            ?-?-?     27.782     14.663      0.682   1.75E+06   2.83E+07 bx
            ?-?-?     22.862     22.183      0.991   5.44E+06   1.05E+08 bx
            ?-?-?     13.826     21.789      0.701   3.08E+06   5.13E+07 bx
            ?-?-?     24.887     21.767      0.702   1.08E+06   1.76E+07 bx
            ?-?-?     10.211     22.173      0.705   1.43E+06   2.08E+07 bx
            ?-?-?     13.803     22.161      0.704   1.25E+06   1.98E+07 bx
            ?-?-?     21.799     25.428      0.257   1.34E+06   2.53E+07 bx
            ?-?-?     24.961     25.417      0.256   8.47E+06   1.43E+08 bx
            ?-?-?     24.152     25.390      0.253   2.83E+06   4.47E+07 bx
            ?-?-?     26.757     25.452      0.253   1.54E+06   2.41E+07 bx
            ?-?-?     26.136     25.404      0.257   3.28E+06   5.16E+07 bx
            ?-?-?     26.158     23.588      0.622   1.12E+06   1.67E+07 bx
            ?-?-?     14.682     23.608      0.625   9.23E+05   1.37E+07 bx
            ?-?-?     14.728     23.206      0.723   2.22E+06   3.59E+07 bx
            ?-?-?     14.308     23.196      0.723   1.26E+06   1.79E+07 bx
            ?-?-?     23.973     23.188      0.725   1.96E+06   2.84E+07 bx
            ?-?-?     25.384     22.707      0.877   1.90E+06   2.97E+07 bx
            ?-?-?     27.977     22.721      0.880   1.39E+06   2.23E+07 bx
            ?-?-?     14.288     22.833      0.955   2.75E+06   4.18E+07 bx
            ?-?-?     25.571     22.849      0.954   2.27E+06   3.56E+07 bx
            ?-?-?     14.686     22.967      0.953   4.75E+06   8.16E+07 bx
            ?-?-?     23.918     22.859      0.956   6.06E+06   1.03E+08 bx
            ?-?-?     22.163     22.634      0.985   2.49E+06   5.41E+07 bx
            ?-?-?     21.783     22.766      0.957   6.78E+06   1.15E+08 bx
            ?-?-?     22.137     22.766      0.959   7.53E+06   1.36E+08 bx
            ?-?-?     22.201     23.023      1.011   3.76E+06   5.95E+07 bx
            ?-?-?     21.092     22.993      1.015   1.02E+06   1.70E+07 bx
            ?-?-?     26.131     23.759      0.919   2.98E+06   5.13E+07 bx
            ?-?-?     27.907     24.139      0.988   4.16E+06   7.82E+07 bx
            ?-?-?     27.149     24.217      0.991   4.23E+06   7.63E+07 bx
            ?-?-?     21.075     23.934      0.987   3.08E+06   5.25E+07 bx
            ?-?-?     14.290     23.903      0.988   1.59E+06   2.75E+07 bx
            ?-?-?     26.115     24.113      1.025   1.33E+06   1.98E+07 bx
            ?-?-?     25.767     24.190      1.026   3.65E+06   6.49E+07 bx
            ?-?-?     27.924     24.157      1.024   1.09E+06   2.06E+07 bx
            ?-?-?     14.691     23.987      0.862   4.58E+06   7.36E+07 bx
            ?-?-?     13.811     24.815      0.906   2.26E+06   3.53E+07 bx
            ?-?-?     13.791     25.200      0.846   1.55E+06   2.37E+07 bx
            ?-?-?     26.737     24.824      0.880   2.13E+06   3.21E+07 bx
            ?-?-?     13.592     24.823      0.878   1.83E+06   3.33E+07 bx
            ?-?-?     21.784     24.857      0.874   1.01E+06   1.54E+07 bx
            ?-?-?     22.683     24.910      0.879   1.50E+06   2.95E+07 bx
            ?-?-?     27.891     24.856      0.880   1.06E+06   1.40E+07 bx
            ?-?-?     24.201     27.968      1.052   3.69E+06   5.92E+07 bx
            ?-?-?     27.120     27.954      1.051   3.47E+06   5.84E+07 bx
            ?-?-?     22.792     27.952      1.050   1.01E+06   1.83E+07 bx
            ?-?-?     26.129     28.024      1.050   1.29E+06   2.12E+07 bx
            ?-?-?     26.136     27.916      1.051   7.59E+05   1.32E+07 bx
            ?-?-?     22.712     25.641      0.863   1.71E+06   3.01E+07 bx
            ?-?-?     13.795     25.632      0.859   2.28E+06   3.63E+07 bx
            ?-?-?     10.247     25.638      0.857   2.68E+06   4.50E+07 bx
            ?-?-?     22.999     25.547      0.976   1.26E+06   2.03E+07 bx
            ?-?-?     22.106     25.390      1.033   9.26E+05   1.72E+07 bx
            ?-?-?     22.437     25.802      1.041   1.29E+06   2.34E+07 bx
            ?-?-?     27.157     25.816      1.042   2.07E+06   3.01E+07 bx
            ?-?-?     13.725     26.042      1.042   1.33E+06   2.05E+07 bx
            ?-?-?     23.021     26.154      0.972   1.66E+06   2.72E+07 bx
            ?-?-?     13.795     26.565      0.958   2.91E+06   4.38E+07 bx
            ?-?-?     14.119     26.554      0.912   3.55E+06   5.81E+07 bx
            ?-?-?     27.854     26.574      0.916   1.10E+06   1.31E+07 bx
            ?-?-?     27.969     26.160      0.880   1.61E+06   2.44E+07 bx
            ?-?-?     27.118     26.154      0.883   2.90E+06   5.18E+07 bx
            ?-?-?     26.914     26.185      0.883   2.89E+06   5.07E+07 bx
            ?-?-?     24.211     26.135      0.881   1.83E+06   2.73E+07 bx
            ?-?-?     23.782     26.151      0.880   2.88E+06   4.48E+07 bx
            ?-?-?     25.420     26.135      0.882   4.27E+06   8.62E+07 bx
            ?-?-?     22.592     26.117      0.884   1.49E+06   2.38E+07 bx
            ?-?-?     27.171     26.123      0.825   3.94E+06   5.88E+07 bx
            ?-?-?     24.801     25.534      0.817   5.57E+06   9.65E+07 bx
            ?-?-?     24.910     25.845      0.737   2.19E+06   3.91E+07 bx
            ?-?-?     23.991     25.875      0.737   1.43E+06   2.24E+07 bx
            ?-?-?     10.172     25.855      0.731   1.80E+06   3.01E+07 bx
            ?-?-?     13.793     25.854      0.732   1.15E+06   1.99E+07 bx
            ?-?-?     24.867     26.712      0.780   1.23E+06   2.07E+07 bx
            ?-?-?     23.779     27.109      0.772   2.93E+06   4.74E+07 bx
            ?-?-?     26.287     27.012      0.771   3.00E+06   6.00E+07 bx
            ?-?-?     27.917     27.123      0.772   3.59E+06   6.06E+07 bx
            ?-?-?     24.215     27.172      0.869   2.82E+06   4.45E+07 bx
            ?-?-?     26.128     27.205      0.867   4.22E+06   7.00E+07 bx
            ?-?-?     22.547     27.234      0.867   8.72E+05   1.09E+07 bx
            ?-?-?     23.923     27.761      0.829   1.99E+06   3.28E+07 bx
            ?-?-?     14.288     27.748      0.830   2.12E+06   3.50E+07 bx
            ?-?-?     10.099     24.201      0.987   1.54E+06   2.19E+07 bx
            ?-?-?     13.752     27.764      0.826   9.10E+05   1.27E+07 bx
            ?-?-?     23.974     13.788      0.749   1.35E+06   2.18E+07 bx
            ?-?-?     26.017     14.059      0.735   1.25E+06   2.42E+07 bx
            ?-?-?     26.114     24.890      0.740   2.36E+06   4.06E+07 bx
            ?-?-?     25.356     24.881      0.739   6.40E+06   1.02E+08 bx
            ?-?-?     24.190     24.878      0.738   2.88E+06   4.47E+07 bx
            ?-?-?     22.594     24.874      0.732   1.32E+06   1.77E+07 bx
            ?-?-?     22.477     24.874      0.736   1.40E+06   1.98E+07 bx
            ?-?-?     25.617     23.976      0.886   3.16E+06   5.77E+07 bx
            ?-?-?     26.127     26.718      0.781   2.56E+06   5.40E+07 bx
            ?-?-?     23.808     27.915      1.053   1.32E+06   2.01E+07 bx
            ?-?-?     23.968     10.232      0.679   7.23E+05   1.28E+07 bx
            ?-?-?     27.115     10.048      0.250   1.00E+06   1.47E+07 bx
            ?-?-?     25.257     13.752      0.748   1.58E+06   2.52E+07 bx
            ?-?-?     14.273     14.696      0.682   8.01E+06   4.97E+08 bx
            ?-?-?     13.782     24.823      0.878   1.66E+06   3.09E+07 bx
            ?-?-?     14.084     23.903      0.986   1.19E+06   2.01E+07 bx
            ?-?-?     22.726     23.226      0.866   7.78E+06   1.87E+08 bx
            ?-?-?     23.233     22.709      1.138   4.97E+06   8.03E+07 bx
            ?-?-?     23.219     22.679      0.881   4.16E+06   5.04E+07 bx
            ?-?-?     23.192     14.273      0.691   3.44E+06   5.79E+07 bx
            ?-?-?     26.132     27.093      0.771   2.42E+06   4.73E+07 bx
            ?-?-?     25.874     13.749      0.749   2.60E+06   4.54E+07 bx
            ?-?-?     14.278     23.033      1.003   8.37E+05   1.27E+07 bx
            ?-?-?     22.838     25.555      0.979   1.25E+06   2.38E+07 bx
