      Assignment         w1         w2         w3       Height       Volume
            ?-?-?     27.944     27.937      1.054   1.34E+07   2.03E+08 bx
            ?-?-?     27.132     27.914      1.055   3.88E+06   5.87E+07 bx
            ?-?-?     24.875     27.936      1.053   5.79E+06   8.66E+07 bx
            ?-?-?     24.193     27.930      1.053   7.12E+06   1.12E+08 bx
            ?-?-?     27.939     24.183      0.987   7.02E+06   1.11E+08 bx
            ?-?-?     27.155     24.215      0.987   7.52E+06   1.27E+08 bx
            ?-?-?     25.788     24.197      0.986   1.83E+07   2.68E+08 bx
            ?-?-?     22.690     24.134      0.991   1.23E+07   1.98E+08 bx
            ?-?-?     10.072     24.216      0.987   4.89E+06   6.64E+07 bx
            ?-?-?     27.214     22.544      0.832   3.21E+06   3.73E+07 bx
            ?-?-?     26.107     22.517      0.834   2.85E+07   3.74E+08 bx
            ?-?-?     22.524     22.515      0.834   2.15E+08   2.67E+09 bx
            ?-?-?     22.525     26.103      0.825   2.44E+07   3.17E+08 bx
            ?-?-?     27.207     26.091      0.825   6.67E+06   9.69E+07 bx
            ?-?-?     26.109     26.100      0.826   7.64E+07   1.04E+09 bx
            ?-?-?     27.207     27.199      0.868   2.90E+07   4.17E+08 bx
            ?-?-?     26.117     27.210      0.869   6.98E+06   1.01E+08 bx
            ?-?-?     24.198     27.194      0.868   5.75E+06   8.12E+07 bx
            ?-?-?     23.764     27.201      0.867   1.01E+07   1.38E+08 bx
            ?-?-?     22.524     27.203      0.867   3.71E+06   4.19E+07 bx
            ?-?-?     13.763     27.195      0.867   1.89E+06   2.51E+07 bx
            ?-?-?     10.068     27.230      0.869   2.07E+06   2.16E+07 bx
            ?-?-?     10.088     23.754      0.925   2.06E+06   3.04E+07 bx
            ?-?-?     13.764     23.732      0.921   2.28E+06   2.81E+07 bx
            ?-?-?     27.187     23.755      0.921   1.40E+07   2.07E+08 bx
            ?-?-?     26.139     23.707      0.918   7.21E+06   1.24E+08 bx
            ?-?-?     22.506     25.406      0.258   9.10E+06   1.43E+08 bx
            ?-?-?     24.151     25.377      0.258   4.72E+06   7.06E+07 bx
            ?-?-?     24.862     25.387      0.257   7.21E+06   1.06E+08 bx
            ?-?-?     25.418     25.398      0.257   3.12E+07   4.44E+08 bx
            ?-?-?     25.424     22.496      0.101   1.29E+07   1.85E+08 bx
            ?-?-?     24.861     22.455      0.101   3.00E+06   4.36E+07 bx
            ?-?-?     22.507     22.497      0.101   3.33E+07   4.86E+08 bx
            ?-?-?     13.744     25.471      0.256   2.19E+06   2.64E+07 bx
            ?-?-?     25.442     24.125      0.991   7.51E+06   1.14E+08 bx
            ?-?-?     25.860     10.182      0.681   9.71E+06   1.39E+08 bx
            ?-?-?     25.629     10.186      0.681   1.20E+07   1.80E+08 bx
            ?-?-?     23.984     10.207      0.681   5.11E+06   7.28E+07 bx
            ?-?-?     23.198     10.136      0.681   3.77E+06   5.42E+07 bx
            ?-?-?     22.149     10.185      0.682   5.80E+06   7.58E+07 bx
            ?-?-?     13.798     10.176      0.681   1.06E+07   1.44E+08 bx
            ?-?-?     10.181     10.171      0.680   9.17E+07   1.15E+09 bx
            ?-?-?     25.475     22.162      0.707   1.17E+07   1.97E+08 bx
            ?-?-?     22.155     22.143      0.705   2.51E+07   3.72E+08 bx
            ?-?-?     10.164     22.121      0.706   3.85E+06   5.22E+07 bx
            ?-?-?     14.297     14.281      0.691   1.05E+08   1.39E+09 bx
            ?-?-?     27.789     14.296      0.690   5.18E+06   6.66E+07 bx
            ?-?-?     26.546     21.062      0.929   3.01E+06   4.08E+07 bx
            ?-?-?     23.921     21.059      0.932   8.08E+06   1.12E+08 bx
            ?-?-?     22.815     21.032      0.933   2.01E+07   2.90E+08 bx
            ?-?-?     21.056     21.046      0.933   8.90E+07   1.28E+09 bx
            ?-?-?     22.993     25.598      0.981   5.89E+06   8.73E+07 bx
            ?-?-?     22.128     25.555      0.979   1.90E+07   2.68E+08 bx
            ?-?-?     22.996     22.164      0.994   5.39E+06   8.70E+07 bx
            ?-?-?     22.826     22.135      0.994   6.60E+06   1.09E+08 bx
            ?-?-?     22.131     22.117      0.993   4.69E+07   6.57E+08 bx
            ?-?-?     25.571     22.124      0.993   1.81E+07   2.48E+08 bx
            ?-?-?     25.571     25.554      0.978   8.77E+07   1.23E+09 bx
            ?-?-?     14.092     26.555      0.914   8.43E+06   1.16E+08 bx
            ?-?-?     23.918     26.551      0.914   1.50E+07   2.01E+08 bx
            ?-?-?     26.549     26.546      0.915   5.98E+07   8.57E+08 bx
            ?-?-?     21.048     23.905      0.989   7.98E+06   1.06E+08 bx
            ?-?-?     26.546     23.905      0.989   1.63E+07   2.31E+08 bx
            ?-?-?     23.926     23.927      0.988   4.45E+07   7.18E+08 bx
            ?-?-?     21.044     26.518      0.914   3.67E+06   5.57E+07 bx
            ?-?-?     26.574     26.566      0.958   1.30E+08   1.73E+09 bx
            ?-?-?     26.044     26.547      0.958   2.45E+07   3.56E+08 bx
            ?-?-?     26.573     13.768      0.764   1.56E+07   2.16E+08 bx
            ?-?-?     13.765     26.563      0.958   9.35E+06   1.26E+08 bx
            ?-?-?     26.574     26.025      1.033   2.42E+07   3.41E+08 bx
            ?-?-?     26.043     26.022      1.034   8.72E+07   1.22E+09 bx
            ?-?-?     13.766     26.084      1.034   4.72E+06   6.25E+07 bx
            ?-?-?     14.090     26.024      1.034   2.86E+06   4.89E+07 bx
            ?-?-?     27.199     10.051      0.251   3.20E+06   4.38E+07 bx
            ?-?-?     26.120     10.103      0.251   2.80E+06   3.96E+07 bx
            ?-?-?     25.794     10.034      0.251   3.85E+06   5.47E+07 bx
            ?-?-?     24.225     10.051      0.251   7.26E+06   9.74E+07 bx
            ?-?-?     23.762     10.065      0.251   3.18E+06   3.88E+07 bx
            ?-?-?     10.068     10.053      0.251   1.68E+08   2.24E+09 bx
            ?-?-?     14.682     14.673      0.682   7.41E+07   9.60E+08 bx
            ?-?-?     27.779     14.678      0.680   3.29E+06   4.97E+07 bx
            ?-?-?     23.994     14.669      0.681   1.09E+07   1.52E+08 bx
            ?-?-?     23.578     14.681      0.681   5.44E+06   8.11E+07 bx
            ?-?-?     22.963     14.662      0.682   1.27E+07   1.99E+08 bx
            ?-?-?     25.629     14.724      0.683   3.97E+06   6.52E+07 bx
            ?-?-?     26.745     21.764      0.704   8.02E+06   1.18E+08 bx
            ?-?-?     21.773     21.760      0.704   2.31E+07   3.41E+08 bx
            ?-?-?     13.801     21.796      0.704   6.48E+06   1.01E+08 bx
            ?-?-?     26.745     26.737      0.783   1.51E+07   2.24E+08 bx
            ?-?-?     26.110     26.789      0.784   4.29E+06   7.47E+07 bx
            ?-?-?     21.767     26.742      0.783   6.49E+06   9.82E+07 bx
            ?-?-?     14.081     26.769      0.781   2.20E+06   3.08E+07 bx
            ?-?-?     13.763     26.710      0.786   2.23E+06   3.08E+07 bx
            ?-?-?     26.179     23.588      0.628   3.66E+06   5.17E+07 bx
            ?-?-?     23.564     23.564      0.628   4.33E+07   6.32E+08 bx
            ?-?-?     22.980     23.562      0.628   1.24E+07   1.88E+08 bx
            ?-?-?     23.555     23.010      0.952   1.56E+07   3.17E+08 bx
            ?-?-?     23.398     26.151      0.975   2.64E+07   3.63E+08 bx
            ?-?-?     22.984     26.154      0.976   4.24E+06   6.28E+07 bx
            ?-?-?     26.166     26.152      0.975   8.34E+07   1.19E+09 bx
            ?-?-?     23.400     23.390      0.941   1.29E+08   1.81E+09 bx
            ?-?-?     26.168     23.394      0.941   2.14E+07   3.20E+08 bx
            ?-?-?     13.592     13.585      0.719   1.05E+08   1.34E+09 bx
            ?-?-?     26.142     13.567      0.720   3.54E+06   4.76E+07 bx
            ?-?-?     24.819     13.597      0.720   5.77E+06   7.78E+07 bx
            ?-?-?     24.132     13.588      0.717   3.25E+06   5.10E+07 bx
            ?-?-?     22.708     13.610      0.720   3.73E+06   5.28E+07 bx
            ?-?-?     25.128     22.680      1.142   6.23E+06   7.43E+07 bx
            ?-?-?     22.727     22.712      1.140   1.72E+08   2.31E+09 bx
            ?-?-?     21.188     22.711      1.140   5.25E+07   6.67E+08 bx
            ?-?-?     25.127     21.177      0.982   3.17E+06   3.96E+07 bx
            ?-?-?     22.730     21.167      0.982   3.76E+07   5.27E+08 bx
            ?-?-?     21.185     21.167      0.982   1.71E+08   2.25E+09 bx
            ?-?-?     23.237     25.120      0.864   3.82E+07   4.96E+08 bx
            ?-?-?     22.719     25.091      0.865   5.56E+06   9.32E+07 bx
            ?-?-?     21.197     25.132      0.862   3.16E+06   4.15E+07 bx
            ?-?-?     25.783     25.779      1.044   7.04E+07   1.04E+09 bx
            ?-?-?     24.217     25.777      1.044   1.89E+07   2.78E+08 bx
            ?-?-?     23.771     23.762      0.922   4.09E+07   6.23E+08 bx
            ?-?-?     27.173     25.792      1.045   4.57E+06   7.14E+07 bx
            ?-?-?     21.047     22.816      0.959   2.25E+07   2.98E+08 bx
            ?-?-?     22.842     22.832      0.958   8.41E+07   1.34E+09 bx
            ?-?-?     23.941     22.845      0.957   1.13E+07   1.73E+08 bx
            ?-?-?     26.053     13.772      0.764   1.07E+07   1.56E+08 bx
            ?-?-?     25.252     13.808      0.751   4.64E+06   6.73E+07 bx
            ?-?-?     24.821     13.782      0.750   8.18E+06   1.22E+08 bx
            ?-?-?     21.781     13.827      0.751   4.66E+06   6.75E+07 bx
            ?-?-?     14.090     14.079      0.735   4.67E+07   6.30E+08 bx
            ?-?-?     26.555     14.081      0.736   1.34E+07   1.95E+08 bx
            ?-?-?     26.051     14.069      0.736   4.60E+06   6.98E+07 bx
            ?-?-?     23.909     14.060      0.734   5.12E+06   8.04E+07 bx
            ?-?-?     13.790     13.779      0.642   5.70E+07   7.56E+08 bx
            ?-?-?     25.484     13.776      0.641   4.83E+06   8.06E+07 bx
            ?-?-?     24.815     13.781      0.642   7.42E+06   9.79E+07 bx
            ?-?-?     22.149     13.785      0.642   3.89E+06   5.05E+07 bx
            ?-?-?     21.761     13.772      0.641   6.18E+06   8.08E+07 bx
            ?-?-?     10.184     13.771      0.643   5.88E+06   7.44E+07 bx
            ?-?-?     26.144     26.137      0.883   3.40E+07   4.91E+08 bx
            ?-?-?     24.823     26.140      0.883   9.19E+06   1.24E+08 bx
            ?-?-?     22.693     22.687      0.881   2.75E+07   4.20E+08 bx
            ?-?-?     24.127     22.688      0.883   1.10E+07   1.76E+08 bx
            ?-?-?     25.351     23.010      1.015   2.26E+07   3.10E+08 bx
            ?-?-?     23.012     23.004      1.014   5.80E+07   8.34E+08 bx
            ?-?-?     22.130     22.999      1.015   5.20E+06   7.06E+07 bx
            ?-?-?     25.587     23.033      1.015   8.28E+06   1.28E+08 bx
            ?-?-?     26.750     26.141      0.883   3.85E+06   5.88E+07 bx
            ?-?-?     27.134     26.121      0.883   4.41E+06   6.81E+07 bx
            ?-?-?     24.180     26.113      0.881   3.36E+06   4.04E+07 bx
            ?-?-?     23.784     26.126      0.883   4.74E+06   5.83E+07 bx
            ?-?-?     24.165     24.150      1.027   4.29E+07   6.87E+08 bx
            ?-?-?     27.931     22.672      0.883   3.51E+06   4.60E+07 bx
            ?-?-?     24.924     22.723      0.883   4.72E+06   8.72E+07 bx
            ?-?-?     27.783     27.789      0.832   8.78E+06   1.36E+08 bx
            ?-?-?     23.915     27.756      0.833   4.23E+06   6.33E+07 bx
            ?-?-?     22.846     27.795      0.832   7.14E+06   1.05E+08 bx
            ?-?-?     14.294     27.790      0.828   3.53E+06   5.08E+07 bx
            ?-?-?     27.823     23.923      0.988   5.25E+06   1.00E+08 bx
            ?-?-?     26.721     25.394      0.256   2.09E+06   2.62E+07 bx
            ?-?-?     13.782     25.815      0.734   3.23E+06   4.83E+07 bx
            ?-?-?     10.181     25.840      0.735   4.69E+06   6.41E+07 bx
            ?-?-?     25.603     23.984      0.861   1.06E+07   1.70E+08 bx
            ?-?-?     14.685     23.984      0.863   7.50E+06   1.04E+08 bx
            ?-?-?     25.617     25.583      0.858   3.65E+07   6.73E+08 bx
            ?-?-?     23.995     25.612      0.861   1.10E+07   1.70E+08 bx
            ?-?-?     13.780     25.600      0.861   5.42E+06   8.05E+07 bx
            ?-?-?     10.177     25.618      0.864   6.48E+06   9.13E+07 bx
            ?-?-?     25.620     13.826      0.642   4.35E+06   7.78E+07 bx
            ?-?-?     25.567     25.548      0.817   2.17E+08   2.87E+09 bx
            ?-?-?     24.811     25.576      0.818   9.78E+06   1.65E+08 bx
            ?-?-?     23.908     25.545      0.817   3.08E+07   4.24E+08 bx
            ?-?-?     25.568     23.904      0.819   3.98E+07   5.16E+08 bx
            ?-?-?     25.268     23.917      0.819   5.24E+06   7.87E+07 bx
            ?-?-?     24.819     23.915      0.820   5.11E+06   7.04E+07 bx
            ?-?-?     23.908     23.901      0.819   2.73E+08   3.56E+09 bx
            ?-?-?     27.108     27.087      0.773   1.95E+07   2.99E+08 bx
            ?-?-?     24.175     27.090      0.772   1.39E+07   2.06E+08 bx
            ?-?-?     23.773     27.094      0.771   3.60E+06   5.58E+07 bx
            ?-?-?     25.875     23.195      0.724   1.16E+07   1.63E+08 bx
            ?-?-?     23.947     23.166      0.725   4.35E+06   6.02E+07 bx
            ?-?-?     23.206     23.188      0.724   4.69E+07   6.62E+08 bx
            ?-?-?     23.200     25.862      0.735   1.03E+07   1.48E+08 bx
            ?-?-?     25.877     25.857      0.734   3.24E+07   4.47E+08 bx
            ?-?-?     25.123     23.228      0.865   4.53E+07   6.05E+08 bx
            ?-?-?     23.238     23.229      0.865   2.10E+08   2.76E+09 bx
            ?-?-?     25.126     25.117      0.864   2.25E+08   3.14E+09 bx
            ?-?-?     23.984     25.819      0.737   3.60E+06   4.81E+07 bx
            ?-?-?     10.060     25.793      1.044   2.85E+06   4.03E+07 bx
            ?-?-?     23.780     25.823      1.045   3.11E+06   4.74E+07 bx
            ?-?-?     13.793     22.137      0.706   1.86E+06   3.29E+07 bx
            ?-?-?     13.812     25.238      0.842   4.38E+06   6.16E+07 bx
            ?-?-?     25.236     25.234      0.843   1.04E+08   1.68E+09 bx
            ?-?-?     24.813     25.237      0.843   2.79E+07   4.39E+08 bx
            ?-?-?     13.805     24.799      0.911   5.05E+06   7.99E+07 bx
            ?-?-?     14.339     14.715      0.682   6.98E+06   2.05E+08 bx
            ?-?-?     26.722     14.093      0.734   4.08E+06   7.95E+07 bx
            ?-?-?     27.934     24.863      0.741   7.60E+06   1.09E+08 bx
            ?-?-?     26.141     24.830      0.739   4.31E+06   6.65E+07 bx
            ?-?-?     25.426     24.870      0.742   5.80E+06   8.37E+07 bx
            ?-?-?     24.881     24.870      0.740   1.80E+07   2.56E+08 bx
            ?-?-?     24.192     24.859      0.741   4.47E+06   6.37E+07 bx
            ?-?-?     22.696     24.863      0.738   3.37E+06   4.98E+07 bx
            ?-?-?     22.696     27.871      1.054   3.08E+06   4.76E+07 bx
            ?-?-?     26.134     27.942      1.054   2.38E+06   3.41E+07 bx
            ?-?-?     25.748     27.925      1.055   1.84E+06   1.81E+07 bx
            ?-?-?     25.413     26.119      0.883   2.96E+06   3.74E+07 bx
            ?-?-?     27.104     24.814      0.874   1.86E+06   2.88E+07 bx
            ?-?-?     26.745     24.839      0.875   4.06E+06   5.60E+07 bx
            ?-?-?     26.153     24.837      0.876   1.08E+07   1.62E+08 bx
            ?-?-?     13.778     24.843      0.878   4.69E+06   7.76E+07 bx
            ?-?-?     13.589     24.826      0.876   3.88E+06   6.40E+07 bx
            ?-?-?     21.778     24.823      0.875   2.97E+06   4.24E+07 bx
            ?-?-?     27.203     13.760      0.765   4.16E+06   5.63E+07 bx
            ?-?-?     25.237     24.834      0.911   2.47E+07   4.51E+08 bx
            ?-?-?     25.349     25.340      1.038   1.03E+08   1.37E+09 bx
            ?-?-?     23.012     25.340      1.038   1.94E+07   2.65E+08 bx
            ?-?-?     22.132     25.401      1.036   3.34E+06   4.99E+07 bx
            ?-?-?     27.120     24.158      1.028   1.22E+07   1.93E+08 bx
            ?-?-?     25.786     24.171      1.025   6.15E+06   1.05E+08 bx
            ?-?-?     24.812     24.792      0.911   1.08E+08   1.91E+09 bx
            ?-?-?     14.690     22.911      0.955   1.04E+07   1.56E+08 bx
            ?-?-?     14.299     22.838      0.957   7.66E+06   1.08E+08 bx
            ?-?-?     22.132     22.837      0.958   8.86E+06   1.22E+08 bx
            ?-?-?     21.786     22.845      0.960   4.88E+06   7.30E+07 bx
            ?-?-?     25.583     22.842      0.957   6.55E+06   1.01E+08 bx
            ?-?-?     25.373     22.845      0.960   4.11E+06   6.63E+07 bx
            ?-?-?     26.571     22.848      0.957   3.98E+06   6.23E+07 bx
            ?-?-?     27.784     22.839      0.958   8.51E+06   1.18E+08 bx
            ?-?-?     14.684     14.315      0.692   1.63E+07   4.22E+08 bx
            ?-?-?     25.812     14.446      0.686   2.12E+06   3.90E+07 bx
            ?-?-?     22.818     14.273      0.691   1.03E+07   1.92E+08 bx
            ?-?-?     23.904     14.331      0.691   5.53E+06   9.04E+07 bx
            ?-?-?     14.292     23.907      0.988   3.93E+06   5.49E+07 bx
            ?-?-?     24.826     21.760      0.703   4.07E+06   6.23E+07 bx
            ?-?-?     24.832     26.814      0.783   2.50E+06   4.73E+07 bx
            ?-?-?     22.153     25.503      0.872   1.03E+07   1.54E+08 bx
            ?-?-?     22.231     22.472      0.101   5.15E+06   8.93E+07 bx
            ?-?-?     22.507     22.117      0.703   4.38E+06   7.27E+07 bx
            ?-?-?     22.700     23.095      0.866   4.35E+06   7.78E+07 bx
            ?-?-?     14.683     23.185      0.724   4.46E+06   5.85E+07 bx
            ?-?-?     14.298     23.199      0.723   4.85E+06   6.54E+07 bx
            ?-?-?     23.200     14.315      0.691   5.45E+06   9.82E+07 bx
            ?-?-?     23.194     14.641      0.681   6.13E+06   9.81E+07 bx
            ?-?-?     24.015     24.936      0.896   5.51E+07   7.00E+08 bx
            ?-?-?     24.949     24.003      0.888   6.24E+07   7.86E+08 bx
            ?-?-?     24.544     24.376      0.906   9.34E+07   2.11E+09 bx
            ?-?-?     24.368     24.579      0.933   1.15E+08   2.76E+09 bx
            ?-?-?     14.085     23.894      0.987   2.93E+06   4.09E+07 bx
            ?-?-?     27.935     27.058      0.773   3.77E+06   4.86E+07 bx
            ?-?-?     26.148     27.093      0.773   3.44E+06   6.11E+07 bx
            ?-?-?     23.207     13.801      0.750   4.34E+06   5.23E+07 bx
            ?-?-?     25.651     13.790      0.752   6.34E+06   9.15E+07 bx
            ?-?-?     25.875     13.790      0.752   6.71E+06   1.14E+08 bx
            ?-?-?     10.182     13.836      0.752   5.15E+06   7.35E+07 bx
            ?-?-?     13.782     22.853      0.959   4.89E+06   7.14E+07 bx
            ?-?-?     27.944     25.810      1.043   2.31E+06   3.00E+07 bx
            ?-?-?     14.685     23.564      0.630   3.15E+06   4.89E+07 bx
            ?-?-?     22.837     21.773      0.704   5.69E+06   8.31E+07 bx
            ?-?-?     25.480     10.198      0.681   7.39E+06   1.37E+08 bx
            ?-?-?     24.827     10.167      0.682   3.06E+06   3.34E+07 bx
            ?-?-?     26.741     13.828      0.643   2.57E+06   3.33E+07 bx
            ?-?-?     27.102     13.617      0.720   3.15E+06   3.88E+07 bx
            ?-?-?     21.011     22.105      0.994   3.02E+06   4.02E+07 bx
            ?-?-?     22.125     21.075      0.932   2.71E+06   2.75E+07 bx
            ?-?-?     25.440     22.684      0.880   4.64E+06   6.96E+07 bx
            ?-?-?     24.079     22.459      0.102   2.06E+06   3.31E+07 bx
            ?-?-?     26.145     24.157      0.990   4.51E+06   7.24E+07 bx
            ?-?-?     22.730     25.425      0.872   3.58E+06   6.31E+07 bx
            ?-?-?     22.832     26.501      0.914   2.98E+06   3.89E+07 bx
            ?-?-?     25.766     27.073      0.774   2.63E+06   3.52E+07 bx
            ?-?-?     27.103     25.754      1.045   3.85E+06   6.38E+07 bx
            ?-?-?     22.136     14.273      0.691   1.96E+06   3.17E+07 bx
            ?-?-?     21.048     14.273      0.690   2.36E+06   3.09E+07 bx
            ?-?-?     21.048     22.948      1.017   2.10E+06   2.89E+07 bx
            ?-?-?     14.291     22.995      1.010   2.32E+06   3.40E+07 bx
            ?-?-?     23.008     14.342      0.691   7.73E+06   1.68E+08 bx
            ?-?-?     24.856     24.137      0.990   7.87E+06   1.22E+08 bx
            ?-?-?     26.147     25.425      0.258   2.61E+06   3.78E+07 bx
            ?-?-?     22.670     25.425      0.258   4.87E+06   8.86E+07 bx
            ?-?-?     26.125     24.179      1.026   2.78E+06   4.82E+07 bx
            ?-?-?     22.793     13.768      0.641   2.15E+06   2.97E+07 bx
            ?-?-?     14.691     27.737      0.828   2.12E+06   2.82E+07 bx
            ?-?-?     23.938     13.744      0.750   5.59E+06   8.97E+07 bx
            ?-?-?     22.843     13.753      0.749   4.81E+06   7.10E+07 bx
            ?-?-?     23.764     13.766      0.764   3.53E+06   5.39E+07 bx
            ?-?-?     10.170     25.484      0.872   4.09E+06   6.89E+07 bx
            ?-?-?     14.287     21.046      0.935   2.03E+06   2.24E+07 bx
            ?-?-?     23.555     26.201      0.976   7.46E+06   1.92E+08 bx
            ?-?-?     26.149     22.909      0.952   4.59E+06   7.55E+07 bx
            ?-?-?     22.975     23.984      0.864   4.55E+06   6.95E+07 bx
            ?-?-?     22.841     25.545      0.981   3.06E+06   5.71E+07 bx
            ?-?-?     25.860     23.987      0.860   4.50E+06   6.99E+07 bx
            ?-?-?     25.876     25.245      0.844   1.56E+06   2.26E+07 bx
            ?-?-?     22.500     24.873      0.740   1.93E+06   3.03E+07 bx
            ?-?-?     22.525     26.738      0.781   1.50E+06   2.09E+07 bx
            ?-?-?     26.700     22.484      0.103   1.42E+06   1.80E+07 bx
            ?-?-?     22.537     25.682      1.039   2.33E+06   3.11E+07 bx
            ?-?-?     25.796     27.209      0.867   2.45E+06   3.81E+07 bx
            ?-?-?     14.671     25.665      0.864   1.96E+06   2.60E+07 bx
            ?-?-?     24.218     26.092      0.826   2.05E+06   2.24E+07 bx
            ?-?-?     10.078     26.062      0.824   1.43E+06   1.35E+07 bx
            ?-?-?     10.062     22.511      0.834   1.57E+06   1.71E+07 bx
            ?-?-?     25.810     22.528      0.836   3.13E+06   4.88E+07 bx
            ?-?-?     24.204     22.511      0.834   1.80E+06   2.45E+07 bx
            ?-?-?     23.788     27.877      1.055   2.23E+06   2.80E+07 bx
            ?-?-?     22.521     10.017      0.249   1.99E+06   2.63E+07 bx
            ?-?-?     13.594     26.139      0.881   1.53E+06   1.72E+07 bx
            ?-?-?     10.190     23.969      0.866   2.43E+06   3.28E+07 bx
            ?-?-?     13.807     23.989      0.867   1.90E+06   2.89E+07 bx
            ?-?-?     10.177     23.158      0.718   2.86E+06   4.21E+07 bx
            ?-?-?     23.926     25.234      0.843   3.77E+06   8.11E+07 bx
            ?-?-?     25.431     26.715      0.784   1.77E+06   2.41E+07 bx
            ?-?-?     23.192     23.983      0.863   2.25E+06   2.62E+07 bx
            ?-?-?     25.565     24.808      0.910   9.64E+06   1.44E+08 bx
            ?-?-?     25.780     23.727      0.920   3.60E+06   6.82E+07 bx
            ?-?-?     24.839     27.090      0.771   2.19E+06   3.77E+07 bx
            ?-?-?     23.234     22.661      0.880   4.10E+06   8.02E+07 bx
            ?-?-?     14.324     23.951      0.864   1.21E+06   1.60E+07 bx
            ?-?-?     23.990     14.331      0.691   3.29E+06   8.77E+07 bx
            ?-?-?     13.774     23.194      0.726   2.62E+06   3.19E+07 bx
            ?-?-?     22.853     23.984      0.863   3.60E+06   5.92E+07 bx
            ?-?-?     22.474     24.085      0.989   3.22E+06   5.56E+07 bx
            ?-?-?     14.312     22.117      0.996   1.62E+06   2.28E+07 bx
            ?-?-?     24.849     10.159      0.250   1.80E+06   2.64E+07 bx
            ?-?-?     10.055     24.819      0.739   1.39E+06   2.10E+07 bx
            ?-?-?     22.524     24.216      0.991   3.85E+06   7.87E+07 bx
            ?-?-?     27.942     23.740      0.920   2.11E+06   2.82E+07 bx
            ?-?-?     22.758     23.932      0.988   8.71E+06   1.53E+08 bx
            ?-?-?     22.834     14.097      0.736   3.18E+06   5.58E+07 bx
            ?-?-?     27.782     13.768      0.752   2.42E+06   3.22E+07 bx
            ?-?-?     26.571     13.770      0.751   6.66E+06   1.53E+08 bx
            ?-?-?     23.233     22.709      1.141   2.25E+06   3.05E+07 bx
            ?-?-?     13.595     27.085      0.772   8.94E+05   1.40E+07 bx
            ?-?-?     23.002     21.021      0.933   2.64E+06   7.77E+07 bx
            ?-?-?     25.272     25.857      0.735   3.27E+06   3.28E+07 bx
            ?-?-?     24.805     25.811      0.734   2.59E+06   3.03E+07 bx
            ?-?-?     14.088     22.808      0.956   2.68E+06   4.28E+07 bx
            ?-?-?     13.799     27.744      0.832   2.07E+06   2.85E+07 bx
