      assignment         w1         w2       height
    LX56R     27.907      1.053   2.08E+07 
    LX118R     27.750      0.830   1.85E+07 
    LX14R     27.177      0.867   2.87E+07 
    LX96R     27.074      0.771   2.49E+07 
    LX21R     26.720      0.781   2.33E+07 
    LX25S     26.525      0.915   3.01E+07 
    LX18S     26.544      0.957   4.89E+07 
    LX72R     26.142      0.974   3.41E+07 
    LX17S     26.130      0.883   2.53E+07 
   LX132R     26.080      0.825   4.13E+07 
    LX25R     23.905      0.987   2.99E+07 
    LX70R     25.849      0.734   2.72E+07 
    LX53R     25.759      1.042   3.63E+07 
    LX66S     25.595      0.860   2.89E+07 
    LX40R     25.542      0.977   3.88E+07 
    LX80R     25.540      0.816   5.51E+07 
    LX63R     25.488      0.871   2.76E+07 
    LX59S     25.387      0.256   2.93E+07 
    LX36S     25.319      1.037   3.42E+07 
    LX94R     25.107      0.863   5.74E+07 
    LX12R     24.905      0.894   8.01E+07 
    LX56S     24.855      0.740   1.86E+07 
    LX19R     24.512      0.928   5.93E+07 
    LX19S     24.349      0.904   5.50E+07 
    LX96S     24.139      1.024   2.80E+07 
    LX53S     24.216      0.990   4.40E+07 
    LX12S     23.988      0.885   7.34E+07 
    LX18R     26.009      1.032   4.36E+07 
    LX80S     23.890      0.818   5.22E+07 
    LX14S     23.736      0.921   3.10E+07 
    VX69S     23.543      0.627   2.51E+07 
    LX72S     23.376      0.940   4.06E+07 
    LX94S     23.217      0.864   4.56E+07 
    LX70S     23.182      0.723   2.73E+07 
    LX36R     23.003      1.014   2.59E+07 
   VX115S     22.790      0.960   6.01E+07 
    VX91S     22.705      1.140   3.88E+07 
    VX93R     22.679      0.881   2.30E+07 
   LX132S     22.503      0.833   4.84E+07 
    LX59R     22.483      0.099   2.41E+07 
    LX40S     22.109      0.992   2.96E+07 
    LX63S     22.134      0.704   2.12E+07 
    LX21S     21.761      0.703   2.16E+07 
    VX91R     21.164      0.981   4.87E+07 
   VX115R     21.031      0.932   3.65E+07 
   IX114     14.668      0.682   3.36E+07 
    IX28     14.282      0.690   3.36E+07 
   IX122     14.078      0.735   2.35E+07 
    IX89     13.783      0.642   2.02E+07 
    IX92     13.582      0.719   2.97E+07 
    IX86     10.179      0.680   2.94E+07 
    IX128     10.068      0.250   3.81E+07 
    LX85R     25.227      0.843   2.53E+07 
    LX17R     24.822      0.876   2.83E+07 
    VX69R     22.973      0.952   5.64E+07 
    IX129     13.760      0.764   2.77E+07 
    VX93S     24.128      0.986   3.67E+07 
    LX66R     23.982      0.847   3.44E+07 
    LX118S     22.798      0.951   5.64E+07 
    LX85S     24.822      0.912   4.33E+07 
    IX24     13.801      0.750   3.76E+07 
