Assignment     w1         w2       Height
    IX9       14.022      0.990   5.14E+07 
    IX13      10.578      1.035   6.28E+07 
    LX16S     23.378      0.854   2.72E+07 
    LX16R     25.564      0.825   8.28E+07 
    IX201     13.906      0.674   5.90E+07 
    LX21S     23.654      0.833   6.44E+07 
    LX21R     25.664      0.963   6.46E+07 
    VX26R     18.407      0.299   5.76E+07 
    VX26S     22.653      1.014   4.50E+07 
    LX31S     22.678      0.878   3.79E+07 
    LX31R     26.926      0.900   4.08E+07 
    LX36R     24.213      0.944   6.99E+07 
    LX36S     26.532      1.051   6.78E+07 
    LX38S     23.873      0.795   4.36E+07 
    LX38R     27.504      0.697   4.25E+07 
    LX41S     22.642      0.806   4.85E+07 
    LX41R     25.068      0.172   4.02E+07 
    VX49R     21.537      0.815   1.30E+08 
    VX49S     21.213      0.881   1.26E+08 
    LX53R     26.502      0.369   3.58E+07 
    LX53S     21.280      0.111   3.45E+07 
    IX55      14.198      0.276   7.02E+07 
    LX58R     25.606      0.732   6.59E+07 
    LX58S     23.582      0.790   5.27E+07 
    VX63R     21.105      0.670   6.13E+07 
    VX63S     22.902      0.918   4.44E+07 
    IX66      15.596      0.720   3.17E+07 
    VX67R     22.486      1.040   4.51E+07 
    VX67S     20.736      0.829   5.78E+07 
    LX72R     23.684      0.913   1.44E+08 
    LX72S     25.617      0.881   1.22E+08 
    IX77      10.763      0.920   5.43E+07 
    VX81R     22.666      0.622   4.80E+07 
    VX81S     17.948      0.298   4.95E+07 
    LX82R     24.834      0.976   4.14E+07 
    LX82S     27.459      1.014   2.86E+07 
    VX95R     23.152      1.043   5.40E+07 
    VX95S     19.047      0.825   4.24E+07 
  VX101R     22.869      1.072   5.79E+07 
  VX101S     23.507      1.439   3.51E+07 
  VX100R     21.395      1.259   4.07E+07 
  VX100S     23.133      1.077   7.33E+07 
  LX111S     21.206      0.742   4.77E+07 
  LX111R     27.144      0.780   4.71E+07 
  LX112S     25.261      0.233   5.16E+07 
  LX112R     22.971      0.653   5.35E+07 
  LX116R     26.620      0.930   4.44E+07 
  LX116S     23.781      1.108   3.34E+07 
  IX117      14.557      0.855   3.89E+07 
  LX125R     25.714     -0.349   3.52E+07 
  LX125S     22.949      0.268   3.43E+07 
  LX133S     22.728      0.566   1.01E+08 
  LX133R     25.432      0.535   3.39E+07
