      Assignment         w1         w2         w3   Data Height 

            ?-?-?     20.722     20.740      0.941     34712336 
            ?-?-?     20.734     20.992      0.887      5097252 
            ?-?-?     20.992     20.734      0.941      4083634 
            ?-?-?     20.996     21.016      0.887     35573928 
            ?-?-?     14.254     14.266      0.899     74194760 
            ?-?-?     24.370     24.379      1.267     13216767 
            ?-?-?     23.636     23.636      0.920     47289968 
            ?-?-?     23.569     21.005      1.128      1451270 
            ?-?-?     20.979     23.589      0.921      1855927 
            ?-?-?     20.969     20.990      1.133     27318904 
            ?-?-?     22.070     22.070      0.844     11887759 
            ?-?-?     22.070     22.322      0.772      3274495 
            ?-?-?     22.320     22.070      0.844      2443332 
            ?-?-?     22.322     22.322      0.772     17860136 
            ?-?-?     23.647     23.647      1.069     40056860 
            ?-?-?     23.647     17.081      0.287      1180917 
            ?-?-?     17.081     23.647      1.069      2613446 
            ?-?-?     17.068     17.075      0.285     11412587 
            ?-?-?     19.205     19.211      1.624     34259792 
            ?-?-?     19.052     19.058      1.429     74330280 
            ?-?-?     19.985     19.998      0.742      9129140 
            ?-?-?     15.825     15.845      0.843     14883962 
            ?-?-?     20.437     20.460      0.574     13749082 
            ?-?-?     20.404     24.250      0.997      1690032 
            ?-?-?     24.254     20.446      0.576      1269538 
            ?-?-?     24.252     24.255      0.999     17025090 
            ?-?-?     17.204     17.209      1.399     23126254 
            ?-?-?     22.851     22.871      1.138     18346088 
            ?-?-?     22.868     20.762      0.775      1115526 
            ?-?-?     20.773     22.851      1.131      1495143 
            ?-?-?     20.762     20.762      0.775     14998132 
            ?-?-?     24.316     24.338      1.123     20626540 
            ?-?-?     24.334     26.702      0.983      1501055 
            ?-?-?     24.397     22.215      1.123       981758 
            ?-?-?     26.689     24.324      1.124      1820862 
            ?-?-?     26.679     26.699      0.983     28752382 
            ?-?-?     25.506     25.527      0.219     13375435 
            ?-?-?     25.573     22.956      0.059      1655839 
            ?-?-?     23.055     25.426      0.214       868256 
            ?-?-?     23.003     23.019      0.056     24767760 
            ?-?-?     19.369     19.379      1.355     68470352 
            ?-?-?     20.609     20.609      0.796     20436340 
            ?-?-?     20.606     22.266      1.121      1770250 
            ?-?-?     22.266     20.609      0.796      1086711 
            ?-?-?     22.266     22.266      1.121     27864044 
            ?-?-?     22.475     22.488      0.875     15426873 
            ?-?-?     22.479     18.788      0.828       980861 
            ?-?-?     22.495     23.532      1.290       994369 
            ?-?-?     18.785     22.436      0.881       821074 
            ?-?-?     18.797     18.799      0.827      9601033 
            ?-?-?     18.774     27.814      0.924       986869 
            ?-?-?     24.565     24.585      0.748     63605256 
            ?-?-?     24.574     23.828      0.770      4094060 
            ?-?-?     23.809     24.581      0.749      3422091 
            ?-?-?     23.811     23.824      0.767     73737360 
            ?-?-?     20.361     20.375     -0.905     11334462 
            ?-?-?     13.557     13.578      0.105     27487834 
            ?-?-?     23.577     23.581      1.816     30294900 
            ?-?-?     20.132     20.135     -0.320     12802438 
            ?-?-?     20.173     27.659      0.475      1613395 
            ?-?-?     27.586     20.137     -0.320      1849310 
            ?-?-?     27.589     27.598      0.475     12821931 
            ?-?-?     27.105     27.126      0.981     39817900 
            ?-?-?     27.122     22.795      0.820      2477724 
            ?-?-?     22.774     27.122      0.978      2168805 
            ?-?-?     22.779     22.787      0.819     25169174 
            ?-?-?     20.221     20.236      1.108     31863946 
            ?-?-?     20.273     19.546      0.673       824018 
            ?-?-?     20.408     20.413      1.380     47344576 
            ?-?-?     17.385     17.404      1.040     22145686 
            ?-?-?     19.520     20.257      1.115       908588 
            ?-?-?     19.449     19.462      0.666     10315954 
            ?-?-?     17.765     17.774      1.472     25771234 
            ?-?-?     19.305     19.316      1.547     21366230 
            ?-?-?     23.192     23.192      0.836     12017615 
            ?-?-?     23.216     20.763      0.396      2117847 
            ?-?-?     20.779     23.192      0.836       855331 
            ?-?-?     20.764     20.775      0.393     15015692 
            ?-?-?     16.807     16.813      1.217     14403905 
            ?-?-?     24.428     24.450      0.035     15432553 
            ?-?-?     24.346     23.081     -0.202       957374 
            ?-?-?     23.125     24.434      0.034       518204 
            ?-?-?     23.090     23.114     -0.206      4600049 
            ?-?-?     17.867     17.871      1.554     23865712 
            ?-?-?     27.228     27.247      0.765     15734165 
            ?-?-?     27.217     22.854      1.329      1541459 
            ?-?-?     22.826     27.240      0.767      2166250 
            ?-?-?     22.816     22.819      1.322     14190097 
            ?-?-?     22.030     22.042      1.093     31118496 
            ?-?-?     22.019     23.482      1.289      2238576 
            ?-?-?     23.469     22.058      1.095      2059705 
            ?-?-?     23.495     23.517      1.290     25126434 
            ?-?-?     23.962     23.962      0.975     11762146 
            ?-?-?     24.011     27.804      0.922      1283616 
            ?-?-?     27.740     23.976      0.974       704420 
            ?-?-?     27.780     27.797      0.925     14393488 
            ?-?-?     22.441     22.434     -0.061      3258032 
            ?-?-?     22.429     24.896     -0.239      1006748 
            ?-?-?     24.796     22.418     -0.061       367859 
            ?-?-?     24.795     24.795     -0.233      3073891 
            ?-?-?     24.513     24.540     -0.173      2879169 
            ?-?-?     24.536     21.429      0.854      1014744 
            ?-?-?     21.591     24.574     -0.165       921348 
            ?-?-?     21.454     21.456      0.848     15430907 
            ?-?-?     17.165     17.181      1.325     34219924 
            ?-?-?     18.740     18.740      1.411     55509608 
            ?-?-?     21.034     21.034      0.817    202014544 
            ?-?-?     21.034     20.671      0.741      5844156 
            ?-?-?     20.671     21.034      0.817      6583836 
            ?-?-?     20.671     20.671      0.741    102827264 
            ?-?-?     22.586     22.609      0.767     26784944 
            ?-?-?     25.954     25.954      0.657     76904904 
            ?-?-?     25.954     24.072      0.542      2682590 
            ?-?-?     26.006     18.431      0.242       970410 
            ?-?-?     24.049     25.954      0.657      2546896 
            ?-?-?     24.064     24.081      0.545     48857100 
            ?-?-?     22.572     22.591      1.128     16950264 
            ?-?-?     22.592     13.056     -0.572      2344584 
            ?-?-?     22.580     25.949      0.669      1320175 
            ?-?-?     22.536     25.409      0.639      1237242 
            ?-?-?     25.693     25.693      1.028     53450328 
            ?-?-?     25.656     23.932      1.279      3059352 
            ?-?-?     23.919     25.693      1.028      3070805 
            ?-?-?     23.904     23.925      1.278     42473748 
            ?-?-?     17.294     17.311      0.041     35669192 
            ?-?-?     13.042     22.580      1.126      1487044 
            ?-?-?     13.034     13.052     -0.572     34044088 
            ?-?-?     13.047     25.949      0.669       833005 
            ?-?-?     13.046     25.414      0.651       828327 
            ?-?-?     13.042     20.915      0.585      1224189 
            ?-?-?     25.924     13.014     -0.571      1572382 
            ?-?-?     25.949     25.949      0.669     90246168 
            ?-?-?     25.402     25.415      0.651    103459080 
            ?-?-?     25.867     20.900      0.585      1087849 
            ?-?-?     25.949     19.912      0.653       847074 
            ?-?-?     25.377     22.573      1.119      1038780 
            ?-?-?     25.414     25.949      0.669      3653798 
            ?-?-?     25.402     25.415      0.651    103459080 
            ?-?-?     25.396     23.872      1.451      1291178 
            ?-?-?     25.817     25.817      1.015    155684976 
            ?-?-?     25.817     25.088      1.016      3658320 
            ?-?-?     25.853     23.837      1.455      1896911 
            ?-?-?     25.094     25.817      1.015      3813218 
            ?-?-?     25.071     25.082      1.012    134186832 
            ?-?-?     25.007     23.837      1.459      1293806 
            ?-?-?     20.996     21.019     -0.314     24632748 
            ?-?-?     21.000     17.061     -0.077      1714088 
            ?-?-?     17.041     21.033     -0.313      1584583 
            ?-?-?     17.039     17.055     -0.077     12515074 
            ?-?-?     19.957     19.972      1.361      9752189 
            ?-?-?     23.858     25.414      0.651      1378372 
            ?-?-?     23.856     25.817      1.015      2480196 
            ?-?-?     23.819     25.124      1.011      1516552 
            ?-?-?     23.840     23.845      1.456     20882642 
            ?-?-?     24.451     24.473      1.386     29983532 
            ?-?-?     19.394     19.394     -0.301     22156242 
            ?-?-?     19.394     19.217     -0.060     10383674 
            ?-?-?     19.213     25.954      0.657       954439 
            ?-?-?     19.217     19.394     -0.301      9583153 
            ?-?-?     19.215     19.217     -0.060     29135684 
            ?-?-?     19.215     20.681     -0.363      1416517 
            ?-?-?     21.178     21.178      0.598     52095788 
            ?-?-?     21.178     21.008      0.776     14845517 
            ?-?-?     21.008     21.178      0.598     18313784 
            ?-?-?     21.007     21.008      0.776     57142696 
            ?-?-?     18.401     25.954      0.657       826354 
            ?-?-?     18.384     18.392      0.243     32401712 
            ?-?-?     18.380     20.668     -0.363      2561010 
            ?-?-?     20.681     25.954      0.657       878918 
            ?-?-?     20.704     19.197     -0.059      1458673 
            ?-?-?     20.676     18.393      0.242      2762055 
            ?-?-?     20.675     20.681     -0.364     19553264 
            ?-?-?     20.898     13.045     -0.574      1092690 
            ?-?-?     20.914     25.949      0.669       794288 
            ?-?-?     20.915     20.915      0.585     20948616 
            ?-?-?     20.917     19.912      0.653      1460727 
            ?-?-?     20.927     26.309      0.943       907479 
            ?-?-?     19.912     25.949      0.669      1396874 
            ?-?-?     19.891     20.917      0.584      1581280 
            ?-?-?     19.912     19.912      0.653     19605510 
            ?-?-?     19.894     24.876      0.764      1923484 
            ?-?-?     26.287     26.306      0.940     22777714 
            ?-?-?     26.322     23.641      1.059      1439922 
            ?-?-?     23.601     17.177      1.325      1862917 
            ?-?-?     23.585     26.290      0.943      1992510 
            ?-?-?     23.575     23.575      1.059     38039544 
            ?-?-?     23.755     23.755      0.923     59004180 
            ?-?-?     23.697     25.709      0.940      3812096 
            ?-?-?     25.708     23.619      1.059       926307 
            ?-?-?     25.686     23.755      0.923      2750243 
            ?-?-?     25.685     25.695      0.939     59438376 
            ?-?-?     24.861     24.861      0.757     62967888 
            ?-?-?     24.861     25.088      0.810      1998680 
            ?-?-?     25.088     24.861      0.757      2448589 
            ?-?-?     25.089     25.088      0.810     13279882 
            ?-?-?     27.271     20.186     -0.324       764752 
            ?-?-?     27.226     27.651      0.477      1403815 
            ?-?-?     23.255     19.378      1.539       998684 
            ?-?-?     22.141     27.782      0.927       932981 
            ?-?-?     22.391     27.822      0.924       780413 
            ?-?-?     25.932     25.410      0.651      1921622 
            ?-?-?     24.863     19.949      0.652      1489130 
            ?-?-?     25.375     19.932      0.656       773776 
