      Assignment         w1         w2   Data Height 

       VX12S     20.734      0.941     30584946 
       VX12R     20.992      0.887     23255922 
        IX23     14.272      0.899     41107124 
        AX24     24.393      1.268     14688168 
       VX25S     23.636      0.920     26243814 
       VX25R     20.985      1.133     22532626 
       VX28S     22.070      0.844     12937390 
       VX28R     22.322      0.772     15520309 
       VX34S     23.647      1.069     28791774 
       VX34R     17.081      0.287     12416362 
        AX40     19.221      1.623     27108964 
        AX41     19.070      1.431     43783448 
        AX49     20.005      0.738     10445060 
        IX52     15.830      0.843     13399113 
       VX67S     20.445      0.573     17116324 
       VX67R     24.263      0.998     16205743 
        AX69     17.225      1.400     19282670 
       VX76S     20.762      0.775     11082698 
       VX76R     22.868      1.138     15620927 
       LX78?     26.694      0.983     22462646 
       LX78?     24.329      1.122     18078996 
       LX81?     25.515      0.218     12953563 
       LX81?     23.014      0.057     19807244 
        AX90     19.383      1.355     56703436 
       VX95S     20.609      0.796     19497360 
       VX95R     22.266      1.121     27207060 
      VX103S     22.489      0.875     13012605 
      VX103R     18.807      0.828     10247448 
      LX110S     24.580      0.748     40681920 
      LX110R     23.829      0.768     39569268 
       AX117     20.383     -0.906     10452631 
       IX124     13.562      0.105     23405670 
       AX125     23.597      1.816     26540802 
      LX126S     20.149     -0.320     12264131 
      LX126R     27.603      0.476     13423238 
      LX130S     27.111      0.979     29045876 
      LX130R     22.800      0.817     20114830 
       AX135     20.228      1.109     21027410 
       AX136     20.426      1.380     36241100 
       AX139     17.397      1.041     20454348 
       AX140     19.469      0.666     11054295 
       AX149     17.795      1.472     21824030 
       AX150     19.331      1.545     13925529 
      VX152S     20.779      0.393     12367466 
      VX152R     23.192      0.836      8486016 
       AX153     16.829      1.219     13261353 
      LX156S     24.434      0.034     13530746 
      LX156R     23.125     -0.202      5131296 
       AX158     17.886      1.554     16040414 
      LX160S     27.244      0.765     14402460 
      LX160R     22.832      1.323     13349261 
      VX165S     22.040      1.093     25319254 
      VX165R     23.509      1.290     19408026 
      LX168S     23.962      0.975     11379632 
      LX168R     27.789      0.924     14069611 
      LX172S     24.796     -0.236      4823814 
      LX172R     22.418     -0.061      4727105 
      LX179S     24.516     -0.174      5154693 
      LX179R     21.465      0.848     13822450 
       AX184     17.179      1.325     26360968 
       AX193     18.740      1.411     46272564 
      VX194S     21.034      0.817    201840896 
      VX194R     20.671      0.741     70397568 
       AX199     22.604      0.767     27414090 
      LX201S     25.954      0.657     57062584 
      LX201R     24.049      0.542     38713720 
       AX205     22.580      1.126     18943742 
      LX206S     25.693      1.028     34439760 
      LX206R     23.919      1.277     34418128 
       AX211     17.301      0.040     27762916 
       IX213     13.042     -0.572     28816456 
      LX215S     25.414      0.651     63752368 
      LX215R     25.949      0.669     58866328 
      LX230S     25.094      1.011     90591976 
      LX230R     25.817      1.015     79256304 
      VX231S     21.011     -0.313     24203450 
      VX231R     17.057     -0.077     12584614 
       AX236     19.973      1.361     10010555 
       AX245     23.858      1.455     22528230 
       AX246     24.473      1.387     26152678 
      VX247S     19.394     -0.301     23086336 
      VX247R     19.217     -0.060     29418262 
      VX248S     21.178      0.598     37829768 
      VX248R     21.008      0.776     38634696 
      VX249S     20.681     -0.363     22316816 
      VX249R     18.401      0.242     28118872 
      VX261S     20.915      0.585     20181980 
      VX261R     19.912      0.653     21096966 
      LX266S     26.300      0.939     21749934 
      LX266R     23.575      1.059     24638716 
      LX270S     25.686      0.934     41143996 
      LX270R     23.755      0.923     52647468 
      LX272S     24.861      0.757     51205812 
      LX272R     25.088      0.810     21074648 
