      Assignment         w1         w2         w3   Data Height 

            ?-?-?     22.832     23.125     -0.202       925166 
            ?-?-?     23.597     13.561      0.105       510217 
            ?-?-?     20.228     13.562      0.102      3966593 
            ?-?-?     19.469     13.562      0.104      2004220 
            ?-?-?     15.805     15.840      0.843     19385248 
            ?-?-?     23.662     15.812      0.844      1427788 
            ?-?-?     17.076     15.807      0.842       876608 
            ?-?-?     20.005     15.830      0.843       724982 
            ?-?-?     14.239     14.267      0.897     49728192 
            ?-?-?     20.992     14.272      0.896      1520776 
            ?-?-?     23.601     14.234      0.899      2145980 
            ?-?-?     23.597     23.597      1.816     17004908 
            ?-?-?     20.149     23.597      1.814       646436 
            ?-?-?     27.603     27.603      0.476      4347462 
            ?-?-?     20.149     27.611      0.473      1952014 
            ?-?-?     27.111     27.603      0.475      2749474 
            ?-?-?     22.800     27.610      0.475      2301203 
            ?-?-?     16.829     27.603      0.476       985085 
            ?-?-?     24.434     27.606      0.475       948435 
            ?-?-?     27.244     27.607      0.476      2540562 
            ?-?-?     27.789     27.789      0.924      3968002 
            ?-?-?     22.070     27.782      0.923      1967772 
            ?-?-?     22.322     27.784      0.924      2441670 
            ?-?-?     22.489     27.789      0.922      2047056 
            ?-?-?     18.807     27.785      0.924      1209429 
            ?-?-?     23.509     27.786      0.929       821384 
            ?-?-?     23.962     27.789      0.924      2147958 
            ?-?-?     24.796     27.783      0.925       595309 
            ?-?-?     22.418     27.789      0.924      2467106 
            ?-?-?     23.858     23.858      1.455      7666592 
            ?-?-?     25.414     23.855      1.452      4449156 
            ?-?-?     25.949     23.855      1.452      5119522 
            ?-?-?     25.094     23.858      1.455      5143397 
            ?-?-?     25.817     23.856      1.457      9194042 
            ?-?-?     24.473     23.856      1.458       969910 
            ?-?-?     19.394     23.857      1.455       476443 
            ?-?-?     19.217     23.858      1.453       865104 
            ?-?-?     20.383     20.383     -0.906      3409086 
            ?-?-?     20.609     20.382     -0.905      1054498 
            ?-?-?     19.394     19.394     -0.301     10642515 
            ?-?-?     25.954     19.393     -0.300      2435610 
            ?-?-?     23.858     19.393     -0.301      1286800 
            ?-?-?     24.473     19.394     -0.300      1340992 
            ?-?-?     19.217     19.394     -0.301     11426376 
            ?-?-?     21.008     19.395     -0.304      2018952 
            ?-?-?     18.401     19.395     -0.306      1933969 
            ?-?-?     19.217     19.217     -0.060     15854851 
            ?-?-?     25.954     19.213     -0.061      3124776 
            ?-?-?     24.049     19.213     -0.060      1340180 
            ?-?-?     23.858     19.217     -0.063       544412 
            ?-?-?     24.473     19.215     -0.060      1446056 
            ?-?-?     19.394     19.217     -0.060      7633728 
            ?-?-?     21.178     19.217     -0.065      1309394 
            ?-?-?     21.008     19.218     -0.064      3090194 
            ?-?-?     20.681     19.220     -0.065      4521828 
            ?-?-?     18.401     19.217     -0.060      2199344 
            ?-?-?     17.057     17.057     -0.077      5678749 
            ?-?-?     25.949     17.057     -0.073       865546 
            ?-?-?     25.094     17.055     -0.073       947297 
            ?-?-?     25.817     17.055     -0.077       571471 
            ?-?-?     21.011     17.057     -0.075      5021240 
            ?-?-?     17.301     17.302      0.040     34753880 
            ?-?-?     18.401     18.401      0.242     10579126 
            ?-?-?     22.604     18.401      0.242      3056930 
            ?-?-?     25.954     18.403      0.238      4104382 
            ?-?-?     24.049     18.405      0.242      2401173 
            ?-?-?     19.394     18.401      0.244      2782511 
            ?-?-?     19.217     18.406      0.241      3720246 
            ?-?-?     21.178     18.401      0.242      2721240 
            ?-?-?     21.008     18.403      0.242      3895962 
            ?-?-?     20.681     18.401      0.243      6943046 
            ?-?-?     24.049     24.049      0.542     35642280 
            ?-?-?     22.604     24.044      0.548      1783250 
            ?-?-?     25.954     24.049      0.544     12920758 
            ?-?-?     19.217     24.046      0.542      1865164 
            ?-?-?     20.681     24.044      0.543      2370204 
            ?-?-?     18.401     24.049      0.542      3293570 
            ?-?-?     27.244     27.244      0.765      5309042 
            ?-?-?     20.149     27.243      0.764       700055 
            ?-?-?     27.603     27.244      0.764      2064225 
            ?-?-?     27.111     27.243      0.765      6122328 
            ?-?-?     24.434     27.244      0.767       633452 
            ?-?-?     23.125     27.244      0.764       695030 
            ?-?-?     22.832     27.245      0.765      6352266 
            ?-?-?     25.693     25.693      1.028     46147480 
            ?-?-?     22.580     25.692      1.022       867030 
            ?-?-?     23.919     25.690      1.028     13270963 
            ?-?-?     25.817     25.817      1.015    179396976 
            ?-?-?     25.949     25.817      1.013     57496612 
            ?-?-?     25.094     25.815      1.013     36144316 
            ?-?-?     17.057     25.815      1.015       891402 
            ?-?-?     23.858     25.817      1.017     15478246 
            ?-?-?     27.111     27.111      0.979     26235776 
            ?-?-?     20.149     27.112      0.975       508572 
            ?-?-?     27.603     27.111      0.972      1982694 
            ?-?-?     22.800     27.109      0.972      7509287 
            ?-?-?     27.244     27.111      0.979      7145808 
            ?-?-?     22.832     27.112      0.979      7509287 
            ?-?-?     26.300     26.300      0.939      9308549 
            ?-?-?     17.179     26.301      0.937      1840054 
            ?-?-?     22.580     26.300      0.939       199597 
            ?-?-?     13.042     26.304      0.941       708409 
            ?-?-?     20.915     26.300      0.941      2268942 
            ?-?-?     19.912     26.300      0.939      1605231 
            ?-?-?     23.575     26.298      0.936      7713063 
            ?-?-?     25.686     26.300      0.936      4852965 
            ?-?-?     23.755     26.301      0.939      4790768 
            ?-?-?     25.686     25.686      0.934     43698536 
            ?-?-?     17.179     25.686      0.933      1580815 
            ?-?-?     22.580     25.686      0.933       803937 
            ?-?-?     20.915     25.685      0.934      1589951 
            ?-?-?     19.912     25.685      0.936      2584568 
            ?-?-?     26.300     25.686      0.934      4350683 
            ?-?-?     23.575     25.683      0.934     14984457 
            ?-?-?     23.755     25.686      0.937     21808990 
            ?-?-?     24.861     25.689      0.934      5927652 
            ?-?-?     25.088     25.686      0.934      4091876 
            ?-?-?     25.954     25.954      0.657     42213728 
            ?-?-?     22.604     25.954      0.653      3914940 
            ?-?-?     24.049     25.952      0.653     10695176 
            ?-?-?     19.394     25.954      0.657      2393045 
            ?-?-?     19.217     25.955      0.661      3134484 
            ?-?-?     20.681     25.955      0.657      3590102 
            ?-?-?     18.401     25.954      0.653      3236692 
            ?-?-?     25.414     25.412      0.651     59354108 
            ?-?-?     22.580     25.413      0.649      4838436 
            ?-?-?     13.042     25.413      0.651      5727163 
            ?-?-?     25.949     25.418      0.649     19075580 
            ?-?-?     25.094     25.414      0.651      7332724 
            ?-?-?     23.858     25.413      0.658      5533916 
            ?-?-?     20.915     25.414      0.650      4090475 
            ?-?-?     19.912     25.413      0.650      3469101 
            ?-?-?     24.861     25.414      0.651      2741490 
            ?-?-?     25.949     25.949      0.669     46911336 
            ?-?-?     22.580     25.947      0.662      5072734 
            ?-?-?     13.042     25.947      0.664      6084641 
            ?-?-?     25.414     25.947      0.669     18385424 
            ?-?-?     25.094     25.949      0.663      4499978 
            ?-?-?     25.817     25.944      0.663     28428496 
            ?-?-?     17.057     25.949      0.669       595922 
            ?-?-?     23.858     25.949      0.665      5158636 
            ?-?-?     20.915     25.949      0.664      5022586 
            ?-?-?     19.912     25.949      0.669      5776038 
            ?-?-?     23.014     23.015      0.057     14838820 
            ?-?-?     25.515     23.014      0.055      4565363 
            ?-?-?     20.609     23.012      0.055       953497 
            ?-?-?     22.266     23.011      0.057      1710035 
            ?-?-?     17.397     23.014      0.053       481483 
            ?-?-?     18.807     18.807      0.828      3473440 
            ?-?-?     22.489     18.805      0.821      2539405 
            ?-?-?     23.829     18.807      0.826       402148 
            ?-?-?     22.040     18.803      0.828      1217940 
            ?-?-?     23.509     18.806      0.824      1013336 
            ?-?-?     23.962     18.808      0.828       872159 
            ?-?-?     27.789     18.807      0.831      1575288 
            ?-?-?     22.418     18.804      0.828      2599679 
            ?-?-?     20.228     20.228      1.109     14106034 
            ?-?-?     13.562     20.222      1.106      2488672 
            ?-?-?     20.426     20.221      1.107      4000797 
            ?-?-?     19.469     20.228      1.104      3140357 
            ?-?-?     25.094     25.094      1.011    149396288 
            ?-?-?     25.414     25.095      1.010      9662330 
            ?-?-?     25.949     25.092      1.010     17141278 
            ?-?-?     25.817     25.094      1.013     45540116 
            ?-?-?     21.011     25.096      1.013      1847130 
            ?-?-?     17.057     25.094      1.011      1301554 
            ?-?-?     23.858     25.093      1.010      8470098 
            ?-?-?     24.473     24.473      1.387     14921003 
            ?-?-?     23.858     24.471      1.385      1795968 
            ?-?-?     19.394     24.473      1.383      1517780 
            ?-?-?     19.217     24.471      1.387      2259458 
            ?-?-?     21.008     24.473      1.386      1012974 
            ?-?-?     19.912     19.912      0.653     12099005 
            ?-?-?     22.580     19.913      0.652      1725522 
            ?-?-?     13.042     19.913      0.652      2486510 
            ?-?-?     25.414     19.912      0.653      4507986 
            ?-?-?     25.949     19.914      0.649      6231362 
            ?-?-?     20.915     19.912      0.653      4251370 
            ?-?-?     26.300     19.912      0.653      1863096 
            ?-?-?     23.575     19.914      0.652      2049967 
            ?-?-?     25.686     19.913      0.652      3236913 
            ?-?-?     23.755     19.914      0.653      2559813 
            ?-?-?     24.861     19.912      0.656      8223927 
            ?-?-?     25.088     19.912      0.653      3119244 
            ?-?-?     24.580     24.581      0.748     63947016 
            ?-?-?     23.829     24.580      0.747     31599582 
            ?-?-?     20.426     20.426      1.380     39625648 
            ?-?-?     20.228     20.423      1.381      9832557 
            ?-?-?     19.469     20.426      1.380      3305210 
            ?-?-?     13.042     13.042     -0.572     25230832 
            ?-?-?     22.580     13.044     -0.573      6189504 
            ?-?-?     25.414     13.046     -0.573      6626003 
            ?-?-?     25.949     13.042     -0.572      7594940 
            ?-?-?     20.915     13.048     -0.575      4503146 
            ?-?-?     19.912     13.042     -0.572      2763077 
            ?-?-?     26.300     13.042     -0.572      1455462 
            ?-?-?     19.070     19.070      1.431     50016100 
            ?-?-?     19.221     19.071      1.432     10051843 
            ?-?-?     18.740     18.740      1.417    173576368 
            ?-?-?     21.034     18.744      1.411      2599288 
            ?-?-?     20.671     18.746      1.414      3717432 
            ?-?-?     22.604     18.740      1.411      1873071 
            ?-?-?     17.795     17.795      1.471     14883619 
            ?-?-?     19.331     17.793      1.472      2043233 
            ?-?-?     17.886     17.886      1.554     12327649 
            ?-?-?     17.179     17.179      1.325     37229504 
            ?-?-?     26.300     17.175      1.323      2039056 
            ?-?-?     23.575     17.172      1.323      8492247 
            ?-?-?     25.686     17.179      1.325      1933683 
            ?-?-?     19.221     19.221      1.623     14131755 
            ?-?-?     19.070     19.223      1.620     10323493 
            ?-?-?     25.515     25.515      0.218      3573485 
            ?-?-?     26.694     25.516      0.215       718782 
            ?-?-?     24.329     25.516      0.215       598296 
            ?-?-?     23.014     25.515      0.218      3650152 
            ?-?-?     20.609     25.516      0.221      1405540 
            ?-?-?     22.266     25.515      0.218      2215988 
            ?-?-?     24.434     24.434      0.034      4110625 
            ?-?-?     27.603     24.433      0.033      1269520 
            ?-?-?     20.779     24.433      0.033       969259 
            ?-?-?     16.829     24.434      0.034       671176 
            ?-?-?     23.125     24.430      0.032      1495863 
            ?-?-?     27.244     24.434      0.034       576422 
            ?-?-?     22.832     24.431      0.034      1506344 
            ?-?-?     22.580     22.580      1.126      6608850 
            ?-?-?     25.693     22.584      1.125      1721366 
            ?-?-?     23.919     22.586      1.126       770024 
            ?-?-?     13.042     22.583      1.123      5052522 
            ?-?-?     25.414     22.587      1.126      4546364 
            ?-?-?     25.949     22.581      1.125      4078120 
            ?-?-?     20.915     22.580      1.125      1780824 
            ?-?-?     19.912     22.582      1.127      1342097 
            ?-?-?     26.300     22.581      1.122       301880 
            ?-?-?     25.686     22.580      1.126      1381601 
            ?-?-?     24.861     22.581      1.127      1006898 
            ?-?-?     22.266     22.266      1.121      8995382 
            ?-?-?     26.694     22.266      1.122      1219741 
            ?-?-?     24.329     22.265      1.119      2466178 
            ?-?-?     25.515     22.266      1.121      1866157 
            ?-?-?     23.014     22.263      1.119      1260296 
            ?-?-?     20.609     22.264      1.121      3904168 
            ?-?-?     22.040     22.040      1.093     16170729 
            ?-?-?     22.489     22.041      1.092      4282571 
            ?-?-?     18.807     22.040      1.092       826277 
            ?-?-?     23.509     22.046      1.093      6700298 
            ?-?-?     23.962     22.043      1.095       655564 
            ?-?-?     27.789     22.040      1.093       626028 
            ?-?-?     17.397     17.397      1.042      7256449 
            ?-?-?     23.014     17.394      1.041       256997 
            ?-?-?     19.469     17.397      1.041       812393 
            ?-?-?     19.383     19.383      1.355     61680084 
            ?-?-?     20.915     20.915      0.585      9275378 
            ?-?-?     22.580     20.912      0.583      1972327 
            ?-?-?     13.042     20.913      0.583      4233719 
            ?-?-?     25.414     20.915      0.585      3454916 
            ?-?-?     25.949     20.916      0.585      5119320 
            ?-?-?     19.912     20.915      0.586      5178472 
            ?-?-?     26.300     20.914      0.587      2227986 
            ?-?-?     23.575     20.913      0.585      1565052 
            ?-?-?     25.686     20.915      0.584      2691877 
            ?-?-?     23.755     20.915      0.585      1533359 
            ?-?-?     24.861     20.915      0.584      2433364 
            ?-?-?     25.088     20.915      0.585      1101103 
            ?-?-?     21.178     21.178      0.598     27433976 
            ?-?-?     21.034     21.175      0.593     33581096 
            ?-?-?     20.671     21.176      0.596      9965336 
            ?-?-?     22.604     21.177      0.596      2359054 
            ?-?-?     19.217     21.178      0.598      1861331 
            ?-?-?     21.008     21.173      0.595     33581096 
            ?-?-?     20.681     21.172      0.598      9965336 
            ?-?-?     18.401     21.178      0.598      2407166 
            ?-?-?     21.034     21.008      0.776     66325012 
            ?-?-?     20.671     21.002      0.773     12366506 
            ?-?-?     22.604     21.001      0.773       928631 
            ?-?-?     24.473     21.008      0.776      1224470 
            ?-?-?     19.394     21.005      0.779      1535534 
            ?-?-?     19.217     21.008      0.779      3595730 
            ?-?-?     21.178     21.004      0.776     18268612 
            ?-?-?     18.401     21.008      0.776      1796124 
            ?-?-?     23.647     23.647      1.069     21117466 
            ?-?-?     17.081     23.644      1.066      7731280 
            ?-?-?     20.005     23.645      1.065       183367 
            ?-?-?     15.830     23.647      1.069       796275 
            ?-?-?     24.329     24.329      1.122      6832764 
            ?-?-?     20.734     24.324      1.123      1124123 
            ?-?-?     20.992     24.327      1.122       626848 
            ?-?-?     26.694     24.329      1.125      4506286 
            ?-?-?     25.515     24.324      1.124       984282 
            ?-?-?     20.609     24.329      1.125      1797467 
            ?-?-?     22.266     24.322      1.122      2497808 
            ?-?-?     19.331     19.331      1.545      8590856 
            ?-?-?     17.795     19.335      1.543      1745398 
            ?-?-?     20.779     19.331      1.542       750015 
            ?-?-?     23.192     19.330      1.545      2012391 
            ?-?-?     19.973     19.973      1.361      2358882 
            ?-?-?     23.919     19.973      1.361        40691 
            ?-?-?     26.694     26.694      0.983     16425971 
            ?-?-?     20.734     26.692      0.983      1994656 
            ?-?-?     20.992     26.694      0.982       840268 
            ?-?-?     24.329     26.693      0.982      6077724 
            ?-?-?     25.515     26.694      0.983       271036 
            ?-?-?     20.609     26.694      0.983      2737990 
            ?-?-?     22.266     26.694      0.982      1583484 
            ?-?-?     21.011     21.011     -0.313     11251042 
            ?-?-?     25.094     21.016     -0.316       913000 
            ?-?-?     17.057     21.011     -0.316      5199321 
            ?-?-?     20.681     20.681     -0.363      7389190 
            ?-?-?     22.604     20.684     -0.363      1462763 
            ?-?-?     25.954     20.681     -0.367      3138816 
            ?-?-?     24.049     20.679     -0.367      1480479 
            ?-?-?     19.217     20.681     -0.363      4333528 
            ?-?-?     21.178     20.680     -0.371      1593969 
            ?-?-?     18.401     20.681     -0.363      4655046 
            ?-?-?     20.149     20.149     -0.320      4516992 
            ?-?-?     27.603     20.149     -0.321      2462550 
            ?-?-?     27.111     20.145     -0.322      1417722 
            ?-?-?     22.800     20.149     -0.320      1388504 
            ?-?-?     16.829     20.143     -0.325      1984078 
            ?-?-?     24.434     20.142     -0.325       658324 
            ?-?-?     23.125     20.149     -0.320       710311 
            ?-?-?     27.244     20.149     -0.320      1380746 
            ?-?-?     22.832     22.832      1.323      8565282 
            ?-?-?     27.603     22.831      1.327      1299841 
            ?-?-?     27.111     22.832      1.323      3516756 
            ?-?-?     24.434     22.830      1.320       513751 
            ?-?-?     23.125     22.832      1.320       557684 
            ?-?-?     27.244     22.832      1.323      3534807 
            ?-?-?     22.489     22.485      0.875      5730400 
            ?-?-?     18.807     22.489      0.874      2281717 
            ?-?-?     23.829     22.486      0.874       648276 
            ?-?-?     22.040     22.486      0.875      3216661 
            ?-?-?     23.509     22.489      0.875      2486306 
            ?-?-?     23.962     22.483      0.874       859103 
            ?-?-?     27.789     22.489      0.875      1410192 
            ?-?-?     24.796     22.482      0.872       604154 
            ?-?-?     20.734     20.734      0.941     12870098 
            ?-?-?     20.992     20.734      0.941      6360233 
            ?-?-?     26.694     20.734      0.940       510352 
            ?-?-?     23.755     23.755      0.923     73738432 
            ?-?-?     20.915     23.755      0.924      5815584 
            ?-?-?     19.912     23.752      0.920     1372606 
            ?-?-?     26.300     23.754      0.923      3912799 
            ?-?-?     23.575     23.757      0.924     46915696 
            ?-?-?     25.686     23.755      0.924     21413160 
            ?-?-?     24.861     23.756      0.923      5752396 
            ?-?-?     25.088     23.755      0.923      3697420 
            ?-?-?     23.829     23.829      0.768     83954856 
            ?-?-?     22.489     23.824      0.765       745740 
            ?-?-?     18.807     23.826      0.765       530884 
            ?-?-?     24.580     23.829      0.768     30920536 
            ?-?-?     25.088     25.088      0.810     30354042 
            ?-?-?     20.915     25.088      0.811       422678 
            ?-?-?     19.912     25.084      0.810      1767832 
            ?-?-?     25.686     25.084      0.812      3053808 
            ?-?-?     23.755     25.083      0.812      2550622 
            ?-?-?     24.861     25.088      0.810     22881862 
            ?-?-?     24.861     24.861      0.757     73389832 
            ?-?-?     22.580     24.861      0.761       806097 
            ?-?-?     25.414     24.862      0.757      3491050 
            ?-?-?     20.915     24.860      0.757      2344817 
            ?-?-?     19.912     24.859      0.760      7552432 
            ?-?-?     25.686     24.859      0.757      5773583 
            ?-?-?     23.755     24.861      0.752      8442057 
            ?-?-?     25.088     24.861      0.757     21813090 
            ?-?-?     24.263     24.263      0.998      6471560 
            ?-?-?     24.393     24.262      0.995      3528171 
            ?-?-?     20.445     24.261      0.998      2922172 
            ?-?-?     23.962     23.962      0.975      4890978 
            ?-?-?     22.070     23.964      0.973      2404095 
            ?-?-?     22.322     23.964      0.973      2964996 
            ?-?-?     22.489     23.964      0.973      1670840 
            ?-?-?     18.807     23.962      0.975       617989 
            ?-?-?     23.509     23.966      0.978       554106
            ?-?-?     27.789     23.962      0.975      2085875 
            ?-?-?     24.796     23.964      0.975      1061017 
            ?-?-?     22.418     23.964      0.975      2455138 
            ?-?-?     24.516     23.962      0.981       524607 
            ?-?-?     21.465     23.962      0.975       468648 
            ?-?-?     23.919     23.919      1.277     26877416 
            ?-?-?     25.693     23.912      1.280      9515309 
            ?-?-?     19.973     23.919      1.277       772735 
            ?-?-?     23.509     23.509      1.290     12892818 
            ?-?-?     22.489     23.501      1.292      4066362 
            ?-?-?     18.807     23.509      1.290      1107896 
            ?-?-?     22.832     23.505      1.293       525873 
            ?-?-?     22.040     23.509      1.294      7267886 
            ?-?-?     23.962     23.506      1.290      1926118 
            ?-?-?     27.789     23.509      1.291      1024490 
            ?-?-?     22.800     22.800      0.817     11625569 
            ?-?-?     20.149     22.800      0.817      1426119 
            ?-?-?     27.603     22.803      0.815      3265017 
            ?-?-?     27.111     22.803     0.815      9691483 
            ?-?-?     16.829     22.803      0.817       518092 
            ?-?-?     27.244     22.800      0.814      4271820 
            ?-?-?     22.832     22.801      0.817     11625569 
            ?-?-?     22.604     22.604      0.767      9798504 
            ?-?-?     18.740     22.605      0.763      1962031 
            ?-?-?     21.034     22.604      0.767      3017007 
            ?-?-?     20.671     22.607      0.765      3433885 
            ?-?-?     25.954     22.604      0.764      1445608 
            ?-?-?     24.049     22.604      0.764      1480730 
            ?-?-?     21.178     22.605      0.764      1457141 
            ?-?-?     21.008     22.605      0.767      3017007 
            ?-?-?     20.681     22.604      0.763      3433885 
            ?-?-?     18.401     22.604      0.769      2383605 
            ?-?-?     22.322     22.322      0.772     10307604 
            ?-?-?     22.070     22.321      0.771      4751664 
            ?-?-?     23.962     22.321      0.772      2426821 
            ?-?-?     27.789     22.320      0.775       656084 
            ?-?-?     24.796     22.322      0.772       757405 
            ?-?-?     24.516     22.322      0.776       932310 
            ?-?-?     21.465     22.322      0.772      1769833 
            ?-?-?     21.034     21.034      0.817    656300352 
            ?-?-?     18.740     21.034      0.815      3242982 
            ?-?-?     20.671     21.038      0.815     53483672 
            ?-?-?     22.604     21.032      0.814      1771168 
            ?-?-?     21.178     21.037      0.817     27836564 
            ?-?-?     21.008     21.034      0.817    656300352 
            ?-?-?     20.671     20.671      0.741     94741856 
            ?-?-?     18.740     20.670      0.741      4159914 
            ?-?-?     21.034     20.671      0.740     53785104 
            ?-?-?     22.604     20.669      0.740      3862364 
            ?-?-?     21.178     20.671      0.741     13135018 
            ?-?-?     21.008     20.670      0.741     53785104 
            ?-?-?     22.070     22.073      0.844      4328789 
            ?-?-?     22.322     22.070      0.843      3964423 
            ?-?-?     23.962     22.072      0.844      2039650 
            ?-?-?     27.789     22.072      0.842       225987 
            ?-?-?     24.796     22.070      0.844       916497 
            ?-?-?     24.516     22.071      0.844      1129256 
            ?-?-?     21.465     22.070      0.844      1683449 
            ?-?-?     21.465     21.465      0.848      8228887 
            ?-?-?     22.070     21.462      0.851      2764798 
            ?-?-?     22.322     21.465      0.848      2505424 
            ?-?-?     20.005     21.464      0.851       388973 
            ?-?-?     23.962     21.465      0.848      1152690 
            ?-?-?     24.796     21.467      0.849      1019907 
            ?-?-?     22.418     21.465      0.849      2054747 
            ?-?-?     24.516     21.465      0.848      2520282 
            ?-?-?     20.992     20.991      0.887     23007224 
            ?-?-?     20.734     20.992      0.887      7500458 
            ?-?-?     14.272     20.990      0.885       581474 
            ?-?-?     26.694     20.992      0.886       650668 
            ?-?-?     24.329     20.993      0.886       203164 
            ?-?-?     20.609     20.609      0.796      8971733 
            ?-?-?     26.694     20.609      0.796       727220 
            ?-?-?     24.329     20.605      0.792       831612 
            ?-?-?     25.515     20.605      0.796       635773 
            ?-?-?     23.014     20.606      0.799       813741 
            ?-?-?     22.266     20.609      0.791      2637966 
            ?-?-?     20.383     20.609      0.796      2805922 
            ?-?-?     20.779     20.772      0.393      2651031 
            ?-?-?     27.603     20.779      0.392       288683 
            ?-?-?     19.331     20.772      0.392       689561 
            ?-?-?     23.192     20.775      0.393      1989017 
            ?-?-?     24.434     20.778      0.390       900881 
            ?-?-?     23.125     20.779      0.393      1927201 
            ?-?-?     20.413     20.467      0.575      5517794 
            ?-?-?     24.393     20.445      0.572      1356702 
            ?-?-?     24.263     20.443      0.573      3389152 
            ?-?-?     17.225     20.445      0.577       826046 
            ?-?-?     20.985     20.985      1.133      6820148 
            ?-?-?     24.393     20.982      1.132       558627 
            ?-?-?     23.636     20.981      1.133      3125526 
            ?-?-?     23.636     23.636      0.920     69512520 
            ?-?-?     14.272     23.635      0.921       566039 
            ?-?-?     24.393     23.635      0.920      1149320 
            ?-?-?     20.985     23.636      0.921      4815568 
            ?-?-?     17.081     23.636      0.920      1768555 
            ?-?-?     19.469     19.469      0.666      2700055 
            ?-?-?     23.014     19.467      0.666       262721 
            ?-?-?     13.562     19.469      0.667       747343 
            ?-?-?     20.228     19.467      0.666      2742257 
            ?-?-?     20.426     19.467      0.666      2217038 
            ?-?-?     17.397     19.469      0.667      1112467 
            ?-?-?     20.005     20.003      0.738      6587491 
            ?-?-?     15.830     20.007      0.738       408693 
            ?-?-?     21.465     20.005      0.738       490970 
            ?-?-?     24.393     24.391      1.262      4345278 
            ?-?-?     23.636     24.393      1.262       303791 
            ?-?-?     20.985     24.393      1.268       427737 
            ?-?-?     20.445     24.392      1.266      1176406 
            ?-?-?     24.263     24.397      1.264      4620720 
            ?-?-?     23.575     23.575      1.059     25318012 
            ?-?-?     17.179     23.574      1.052      8585741 
            ?-?-?     20.915     23.574      1.059      1714686 
            ?-?-?     19.912     23.575      1.053       822407 
            ?-?-?     26.300     23.579      1.061      5969856 
            ?-?-?     25.686     23.575      1.059      6488316 
            ?-?-?     23.755     23.572      1.061     13766082 
            ?-?-?     23.192     23.192      0.836     10658562 
            ?-?-?     19.331     23.191      0.834      1560028 
            ?-?-?     20.779     23.192      0.836      1299641 
            ?-?-?     24.434     23.196      0.832       257634 
            ?-?-?     16.829     16.829      1.219      4261626 
            ?-?-?     20.149     16.824      1.213      1625328 
            ?-?-?     27.603     16.829      1.212       660397 
            ?-?-?     23.125     16.829      1.214       433553 
            ?-?-?     17.081     17.081      0.287      2854393 
            ?-?-?     24.393     17.085      0.281       465071 
            ?-?-?     23.647     17.087      0.287      3817961 
            ?-?-?     24.263     17.087      0.287       567676 
            ?-?-?     22.868     22.864      1.138      8437335 
            ?-?-?     20.762     22.868      1.138      2398257 
            ?-?-?     17.186     17.221      1.399     10904800 
            ?-?-?     20.445     17.225      1.400       575001 
            ?-?-?     20.762     20.761      0.775      9458084 
            ?-?-?     22.868     20.762      0.775      2088817 
            ?-?-?     24.796     24.796     -0.236      1360888 
            ?-?-?     22.070     24.795     -0.235       803183 
            ?-?-?     22.322     24.793     -0.232      1387588 
            ?-?-?     22.489     24.794     -0.236      1068830 
            ?-?-?     22.418     24.796     -0.231      1469401 
            ?-?-?     22.418     22.416     -0.061      1676046 
            ?-?-?     22.070     22.418     -0.061       653387 
            ?-?-?     22.322     22.415     -0.067      1864313 
            ?-?-?     23.962     22.415     -0.061       375249 
            ?-?-?     24.796     22.418     -0.064       506447 
            ?-?-?     24.516     22.415     -0.061       396034 
            ?-?-?     24.516     24.513     -0.174      1666889 
            ?-?-?     22.070     24.516     -0.171       928580 
            ?-?-?     22.322     24.513     -0.171       844910 
            ?-?-?     23.962     24.514     -0.174       378813 
            ?-?-?     22.418     24.513     -0.175       683723 
            ?-?-?     21.465     24.516     -0.174      1923251 
            ?-?-?     23.125     23.125     -0.202      1406871 
            ?-?-?     23.192     23.126     -0.204      1247384 
            ?-?-?     24.434     23.125     -0.204       950640 
            ?-?-?     27.244     23.125     -0.202       201708 
            ?-?-?     13.562     13.562      0.105     32035294 
