     Assignment         w1         w2   Data Height

       VX12S     20.728      0.881    161655536
       VX12R     21.169      0.864    161249392
        IX23     14.415      0.880    145464464
        AX24     25.050      1.140     86643792
       VX25S     23.703      0.998    120950480
       VX25R     21.059      1.250    108039472
       VX28S     22.108      0.811     88048120
       VX28R     21.823      0.880     64331692
       VX34S     22.376      0.880     88007664
       VX34R     18.488      0.576     48347300
        AX40     19.138      1.592    136021952
        AX41     18.922      1.420    180860128
        AX49     19.284      1.418    433838976
        IX52     15.499      0.681     64605052
        AX69     18.183      1.456    104197816
        AX76     17.846      1.476    122296872
       LX78S     25.693      0.841    110168192
       LX78R     23.554      1.059    110235824
       LX81S     25.288     -0.109     74385752
       LX81R     22.799      0.156    100782528
        IX95     15.862      0.950    101077920
        IX97     15.659      1.047    104241112
      VX103S     22.160      0.854     88309072
      VX103R     18.487      0.869     90015552
      LX110R     23.442      0.768    223020960
      LX110S     24.954      0.742    201491648
       AX117     20.077     -0.868     67895792
       IX124     13.669      0.023    132463000
       AX125     23.364      1.794    157116720
      LX126S     19.702     -0.382     87835360
      LX126R     28.182      0.511     88184952
      LX130R     22.540      0.814    116324432
      LX130S     26.925      1.005    154303024
       AX135     20.537      1.110    103686440
       AX136     20.717      1.333    133631184
       AX139     17.429      1.064    114139720
       AX140     19.630      0.534     63115676
       IX142     12.015      0.156    159608080
       AX149     18.221      1.637    104936160
      VX150R     18.521      1.080     68954160
      VX150S     20.462      1.044    123066912
       AX152     19.353      1.272     55541524
       AX153     16.436      1.090     95153952
      VX158S     20.877      0.984    215906912
      VX158R     22.683      1.088    171855200
      LX160R     23.394      1.342     78627336
      LX160S     26.962      0.776     85033304
      VX165S     22.249      1.014    156030272
      VX165R     23.634      1.246    152140480
      LX168S     23.849      1.003     83259296
      LX168R     28.120      1.012     80910968
      LX172R     21.409     -0.108    101082440
      LX172S     25.406      0.414    113854256
      LX179R     21.418      0.855     79657592
      LX179S     24.431     -0.126     23840414
       IX194     14.270      0.676    157356208
       AX199     22.636      0.719    120512016
      LX201S     25.936      0.653    141697200
      LX201R     24.231      0.568    159826608
       AX205     22.581      1.152     89346800
      LX206R     24.085      1.262    129604568
      LX206S     25.673      1.047    148316128
       AX211     17.274      0.040    127594576
       IX213     12.933     -0.588    105882320
      LX215S     25.430      0.651    251789824
      LX215R     25.978      0.667    271573600
      LX230S     25.103      1.014    290346560
      LX230R     25.775      1.018    288197376
      VX231R     17.114     -0.066     57072512
      VX231S     20.991     -0.320    100768144
       AX236     19.961      1.347     51215940
       AX245     23.916      1.454    103866952
       AX246     24.608      1.400    112353792
      VX247R     19.168     -0.062    129048400
      VX247S     19.484     -0.287    113441024
      VX248R     21.141      0.768    148200720
      VX248S     21.399      0.580    143255888
      VX249R     18.513      0.256    127837240
      VX249S     20.742     -0.315    108170224
      VX261R     19.945      0.660     96916528
      VX261S     20.972      0.589     86063488
      LX266R     23.368      1.071    150492928
      LX266S     26.262      0.942     99356016
      LX270R     23.640      0.937    203720160
      LX270S     25.807      0.944    171878976
      LX272R     25.142      0.851    276144544
      LX272S     24.868      0.777    250224928
