            Assignment         w1         w2         w3   Data Height

            ?-?-?     20.728     20.728      0.881     45185708 
            ?-?-?     21.169     20.724      0.880     20427854
            ?-?-?     14.415     20.728      0.881       964005
            ?-?-?     25.693     20.727      0.879      1423664
            ?-?-?     23.554     20.727      0.881      2379496
            ?-?-?     21.169     21.169      0.864     46732440
            ?-?-?     20.728     21.164      0.863     19983890
            ?-?-?     14.415     21.167      0.864      1679175
            ?-?-?     25.693     21.167      0.863      1077196
            ?-?-?     23.554     21.169      0.864      1610720
            ?-?-?     14.415     14.414      0.880     74570456
            ?-?-?     20.728     14.414      0.881      1268712
            ?-?-?     21.169     14.413      0.880      3073664
            ?-?-?     21.059     14.415      0.881      3001597
            ?-?-?     25.050     25.053      1.140     26427918
            ?-?-?     23.703     25.052      1.142      1637199
            ?-?-?     21.059     25.050      1.140      2278902
            ?-?-?     21.059     21.058      1.254     19469688
            ?-?-?     14.415     21.059      1.250       758140
            ?-?-?     25.050     21.057      1.253      2510633
            ?-?-?     23.703     21.059      1.251      9183144
            ?-?-?     23.703     23.701      0.998     33333764
            ?-?-?     25.050     23.702      0.996      1902899
            ?-?-?     21.059     23.702      0.995     10006120
            ?-?-?     18.488     23.703      0.998      3306942
            ?-?-?     21.823     21.823      0.880     10541540
            ?-?-?     22.108     21.819      0.882     15493044
            ?-?-?     23.849     21.825      0.880      5763312
            ?-?-?     28.120     21.825      0.880      2841205
            ?-?-?     25.406     21.826      0.884      2902046
            ?-?-?     21.409     21.824      0.881      9133868
            ?-?-?     24.431     21.825      0.880      2634096
            ?-?-?     21.418     21.823      0.881      9133868
            ?-?-?     22.108     22.109      0.811     29157408
            ?-?-?     21.823     22.109      0.810      9554955
            ?-?-?     22.376     22.108      0.808      9227253
            ?-?-?     18.488     22.109      0.811      1952459
            ?-?-?     23.849     22.108      0.810      6075114
            ?-?-?     28.120     22.111      0.811      3381453
            ?-?-?     25.406     22.106      0.811      2126378
            ?-?-?     21.409     22.108      0.815      6713464
            ?-?-?     24.431     22.106      0.811      2269523
            ?-?-?     21.418     22.102      0.811      6713464
            ?-?-?     18.488     18.488      0.576      8266436
            ?-?-?     23.703     18.488      0.572       622880
            ?-?-?     21.059     18.485      0.576       863932
            ?-?-?     22.108     18.485      0.573       966349
            ?-?-?     22.376     18.488      0.576      6818290
            ?-?-?     22.376     22.376      0.880     31358710
            ?-?-?     22.108     22.373      0.882     17026692
            ?-?-?     18.488     22.374      0.881     13191011
            ?-?-?     19.284     22.374      0.880       195441
            ?-?-?     15.499     22.376      0.880      1451932
            ?-?-?     19.138     19.135      1.592     41329644
            ?-?-?     18.922     19.138      1.592     12510914
            ?-?-?     18.922     18.922      1.421    120815584
            ?-?-?     19.138     18.921      1.420     46662704
            ?-?-?     19.284     19.284      1.418    575993024
            ?-?-?     15.499     15.499      0.681     47415696
            ?-?-?     22.108     15.498      0.680       839627
            ?-?-?     22.376     15.499      0.681      1517051
            ?-?-?     18.183     18.183      1.456     29076056
            ?-?-?     17.846     17.846      1.476     50666848
            ?-?-?     23.554     23.554      1.059     32108270
            ?-?-?     20.728     23.554      1.057      2288139
            ?-?-?     21.169     23.557      1.056      2092704
            ?-?-?     25.693     23.553      1.059     19769992
            ?-?-?     25.288     23.553      1.058      2413637
            ?-?-?     15.862     23.554      1.059      5486872
            ?-?-?     25.693     25.691      0.841     56042000
            ?-?-?     20.728     25.691      0.840      2366684
            ?-?-?     21.169     25.693      0.841      1746851
            ?-?-?     23.554     25.692      0.837     18912246
            ?-?-?     25.288     25.692      0.841       500860
            ?-?-?     15.862     25.693      0.841      4270526
            ?-?-?     22.799     22.799      0.150     32091572
            ?-?-?     23.554     22.800      0.156       689182
            ?-?-?     25.288     22.796      0.153     11842863
            ?-?-?     15.862     22.797      0.156      3700815
            ?-?-?     17.429     22.799      0.154      2052586
            ?-?-?     19.630     22.797      0.156       643425
            ?-?-?     12.015     22.799      0.156       877778
            ?-?-?     25.288     25.288     -0.109     16622138
            ?-?-?     25.693     25.285     -0.107      1419194
            ?-?-?     23.554     25.288     -0.107      1398533
            ?-?-?     22.799     25.286     -0.109     10791063
            ?-?-?     15.862     25.285     -0.109      5713538
            ?-?-?     17.429     25.288     -0.111       748302
            ?-?-?     15.862     15.862      0.950     23491314
            ?-?-?     25.693     15.862      0.953      3989485
            ?-?-?     23.554     15.860      0.950      4973279
            ?-?-?     25.288     15.862      0.952      5165377
            ?-?-?     22.799     15.861      0.952      2681114
            ?-?-?     15.659     15.861      0.950      3602458
            ?-?-?     20.077     15.862      0.950       192586
            ?-?-?     15.659     15.657      1.047     25294622
            ?-?-?     15.862     15.659      1.048      8085966
            ?-?-?     18.487     18.487      0.869     17655432
            ?-?-?     22.160     18.488      0.869     13458545
            ?-?-?     24.954     18.487      0.865      1666759
            ?-?-?     23.442     18.487      0.867      2142577
            ?-?-?     22.249     18.490      0.873     11309898
            ?-?-?     23.634     18.487      0.869      4964130
            ?-?-?     23.849     18.490      0.869      3666911
            ?-?-?     28.120     18.487      0.871      6590384
            ?-?-?     25.406     18.483      0.869      4663614
            ?-?-?     21.409     18.487      0.870      2133426
            ?-?-?     22.160     22.160      0.854     37720280
            ?-?-?     18.487     22.158      0.852     12121829
            ?-?-?     24.954     22.160      0.852      1497004
            ?-?-?     23.442     22.167      0.853      3965639
            ?-?-?     22.249     22.163      0.854     33495480
            ?-?-?     23.634     22.160      0.852     10202148
            ?-?-?     23.849     22.160      0.854      6354356
            ?-?-?     28.120     22.162      0.854      5945976
            ?-?-?     25.406     22.162      0.854      2819632
            ?-?-?     23.442     23.442      0.768    191260304
            ?-?-?     22.160     23.443      0.768      1690854
            ?-?-?     18.487     23.442      0.764      1245166
            ?-?-?     24.954     23.442      0.768     64608036
            ?-?-?     24.954     24.955      0.742    125060800
            ?-?-?     22.160     24.955      0.745      1241488
            ?-?-?     18.487     24.954      0.742      1234150
            ?-?-?     23.442     24.954      0.743     52314908
            ?-?-?     20.077     20.073     -0.868     14019285
            ?-?-?     15.862     20.072     -0.867       276276
            ?-?-?     13.669     13.669      0.023     74494192
            ?-?-?     20.537     13.669      0.022      7390162
            ?-?-?     17.429     13.672      0.021       670776
            ?-?-?     19.630     13.669      0.023      4325550
            ?-?-?     23.364     23.364      1.794     44070980
            ?-?-?     19.702     23.363      1.793       917918
            ?-?-?     20.717     23.364      1.793       630611
            ?-?-?     19.702     19.702     -0.382     24534116
            ?-?-?     23.364     19.702     -0.382      1606962
            ?-?-?     28.182     19.701     -0.380     11734306
            ?-?-?     26.925     19.702     -0.382      4857830
            ?-?-?     22.540     19.700     -0.381      4204306
            ?-?-?     19.353     19.701     -0.381      1507978
            ?-?-?     16.436     19.701     -0.382      6939998
            ?-?-?     26.962     19.702     -0.382      4857830
            ?-?-?     28.182     28.182      0.511     17028976
            ?-?-?     19.702     28.185      0.512      9423735
            ?-?-?     26.925     28.184      0.511      8749243
            ?-?-?     22.540     28.182      0.515      6606559
            ?-?-?     19.353     28.180      0.511       619116
            ?-?-?     16.436     28.180      0.517      2391100
            ?-?-?     26.962     28.182      0.511      8749243
            ?-?-?     23.394     28.182      0.508      3002477
            ?-?-?     22.540     22.530      0.814     27135480
            ?-?-?     19.702     22.540      0.812      3295500
            ?-?-?     28.182     22.538      0.811      7192247
            ?-?-?     26.925     22.540      0.814     23780964
            ?-?-?     16.436     22.546      0.810       783859
            ?-?-?     26.962     22.546      0.814     23780964
            ?-?-?     23.394     22.540      0.811      3015273
            ?-?-?     26.925     26.925      1.005     65676796
            ?-?-?     19.702     26.921      1.007      1988542
            ?-?-?     28.182     26.925      1.002      4262588
            ?-?-?     22.540     26.925      1.005     18561648
            ?-?-?     16.436     26.925      1.004       408752
            ?-?-?     26.962     26.926      1.005     65676796
            ?-?-?     23.394     26.925      1.005      2359090
            ?-?-?     20.537     20.537      1.110     30964936
            ?-?-?     13.669     20.534      1.112      4915057
            ?-?-?     20.717     20.533      1.112     15394861
            ?-?-?     19.630     20.537      1.110      7261949
            ?-?-?     20.717     20.717      1.331     66086740
            ?-?-?     23.364     20.715      1.332       512859
            ?-?-?     20.537     20.715      1.333     30255262
            ?-?-?     19.630     20.717      1.333      8418725
            ?-?-?     17.429     17.429      1.064     26439246
            ?-?-?     22.799     17.427      1.066      1508369
            ?-?-?     13.669     17.426      1.065       561318
            ?-?-?     19.630     17.427      1.067      3286858
            ?-?-?     12.015     17.429      1.064      2795638
            ?-?-?     19.630     19.630      0.534     11416590
            ?-?-?     13.669     19.632      0.537      2609404
            ?-?-?     20.537     19.632      0.534      9885741
            ?-?-?     20.717     19.632      0.532      9901144
            ?-?-?     17.429     19.630      0.534      3848829
            ?-?-?     12.015     12.014      0.156    175305520
            ?-?-?     22.799     12.014      0.154       644688
            ?-?-?     17.429     12.015      0.156      7753078
            ?-?-?     18.221     18.221      1.637     54307896
            ?-?-?     20.462     18.222      1.635      8953036
            ?-?-?     18.521     18.223      1.637      6277856
            ?-?-?     18.521     18.521      1.080     11236747
            ?-?-?     18.221     18.520      1.082      4562082
            ?-?-?     20.462     18.520      1.084     11171944
            ?-?-?     19.353     18.521      1.080      3573852
            ?-?-?     20.462     20.462      1.043     49768956
            ?-?-?     18.221     20.466      1.044      9945217
            ?-?-?     18.521     20.466      1.043     13777710
            ?-?-?     19.353     20.462      1.044      3979184
            ?-?-?     19.353     19.353      1.272      7405271
            ?-?-?     20.462     19.352      1.271      2266065
            ?-?-?     18.521     19.352      1.272      2653733
            ?-?-?     16.436     19.353      1.270      1765630
            ?-?-?     16.436     16.436      1.090     17800156
            ?-?-?     19.702     16.433      1.095      5090960
            ?-?-?     28.182     16.433      1.092      2284448
            ?-?-?     22.540     16.436      1.093       819526
            ?-?-?     19.353     16.436      1.090      2034122
            ?-?-?     20.877     20.875      0.984    115833056
            ?-?-?     22.683     20.877      0.984     36699232
            ?-?-?     22.683     22.683      1.087    109487544
            ?-?-?     20.877     22.683      1.088     46854052
            ?-?-?     23.394     23.394      1.342     24104426
            ?-?-?     28.182     23.395      1.340      3130912
            ?-?-?     26.925     23.394      1.342     13763676
            ?-?-?     22.540     23.393      1.341      3109286
            ?-?-?     26.962     23.393      1.341     13763676
            ?-?-?     23.634     23.394      1.340      2974004
            ?-?-?     26.962     26.962      0.776     21456380
            ?-?-?     19.702     26.966      0.779      2469025
            ?-?-?     28.182     26.962      0.773      5303334
            ?-?-?     26.925     26.961      0.772     21456380
            ?-?-?     22.540     26.960      0.776      6066900
            ?-?-?     23.394     26.962      0.771      9267280
            ?-?-?     22.249     22.249      1.014     72064648
            ?-?-?     22.160     22.249      1.013     69917440
            ?-?-?     18.487     22.247      1.013      4495624
            ?-?-?     23.634     22.247      1.014     23711366
            ?-?-?     28.120     22.249      1.014      2957288
            ?-?-?     23.634     23.630      1.246     56497080
            ?-?-?     22.160     23.632      1.240     33974568
            ?-?-?     18.487     23.632      1.246      4170480
            ?-?-?     23.394     23.634      1.243      5932112
            ?-?-?     22.249     23.634      1.247     33835892
            ?-?-?     28.120     23.638      1.246      2818262
            ?-?-?     23.849     23.848      1.003     25659720
            ?-?-?     21.823     23.849      1.002      5500836
            ?-?-?     22.108     23.849      1.001      9363091
            ?-?-?     22.160     23.847      1.008      8863622
            ?-?-?     18.487     23.849      1.003      3758515
            ?-?-?     28.120     23.841      1.005      7501841
            ?-?-?     25.406     23.849      1.003      5386632
            ?-?-?     21.409     23.842      1.005      6110920
            ?-?-?     24.431     23.842      1.003      1506555
            ?-?-?     21.418     23.849      1.003      6110920
            ?-?-?     28.120     28.120      1.013     13503700
            ?-?-?     21.823     28.123      1.016      1850638
            ?-?-?     22.108     28.125      1.012      7708638
            ?-?-?     22.160     28.124      1.014      9005145
            ?-?-?     18.487     28.120      1.012      5709108
            ?-?-?     22.249     28.127      1.012      7471386
            ?-?-?     23.634     28.120      1.013      4034030
            ?-?-?     23.849     28.122      1.013      5826829
            ?-?-?     25.406     28.121      1.012      2117659
            ?-?-?     21.409     28.120      1.012      2099744
            ?-?-?     21.409     21.404     -0.108     25192914
            ?-?-?     21.823     21.404     -0.108      4984591
            ?-?-?     22.108     21.409     -0.107      4563931
            ?-?-?     18.487     21.405     -0.105      1781056
            ?-?-?     23.849     21.409     -0.108      4109632
            ?-?-?     28.120     21.407     -0.105      1780188
            ?-?-?     25.406     21.408     -0.105     12956997
            ?-?-?     24.431     21.408     -0.103      2501896
            ?-?-?     21.418     21.409     -0.108     25192914
            ?-?-?     25.406     25.406      0.414     25820068
            ?-?-?     21.823     25.405      0.415      3321424
            ?-?-?     22.108     25.403      0.414      4636670
            ?-?-?     22.160     25.403      0.416      4606384
            ?-?-?     18.487     25.403      0.416      4364742
            ?-?-?     23.849     25.406      0.414      4240076
            ?-?-?     28.120     25.404      0.410      2635667
            ?-?-?     21.409     25.406      0.414     12653952
            ?-?-?     24.431     25.405      0.414      1169403
            ?-?-?     21.418     21.418      0.855     30818916
            ?-?-?     21.823     21.417      0.854      6044533
            ?-?-?     22.108     21.413      0.854      5512623
            ?-?-?     23.849     21.415      0.855      2339343
            ?-?-?     21.409     21.415      0.852     30818916
            ?-?-?     24.431     21.418      0.855      6739868
            ?-?-?     24.431     24.436     -0.120      4466256
            ?-?-?     21.823     24.436     -0.126      2609912
            ?-?-?     22.108     24.435     -0.124      2380334
            ?-?-?     23.849     24.438     -0.128      1054671
            ?-?-?     25.406     24.432     -0.126      1113283
            ?-?-?     21.409     24.431     -0.123      6915538
            ?-?-?     21.418     24.431     -0.126      6915538
            ?-?-?     14.270     14.270      0.676    132309160
            ?-?-?     22.636     14.271      0.676      3701401
            ?-?-?     22.636     22.636      0.719     26800612
            ?-?-?     14.270     22.636      0.712      1628976
            ?-?-?     25.936     22.633      0.719      1953266
            ?-?-?     24.231     22.632      0.715      2545105
            ?-?-?     21.399     22.634      0.710      1901943
            ?-?-?     20.742     22.635      0.719      2405281
            ?-?-?     18.513     22.634      0.714      5431171
            ?-?-?     25.936     25.933      0.653     76417896
            ?-?-?     22.636     25.934      0.652      5518212
            ?-?-?     24.231     25.934      0.652     17482234
            ?-?-?     19.168     25.936      0.653      3496157
            ?-?-?     20.742     25.937      0.654      6791986
            ?-?-?     18.513     25.937      0.653      6048025
            ?-?-?     24.231     24.231      0.562     79205984
            ?-?-?     22.636     24.229      0.568      2915702
            ?-?-?     25.936     24.231      0.567     25851326
            ?-?-?     19.168     24.230      0.567      2320072
            ?-?-?     20.742     24.232      0.568      4004816
            ?-?-?     18.513     24.231      0.568      6022539
            ?-?-?     22.581     22.583      1.152     19432482
            ?-?-?     25.673     22.582      1.151      2214421
            ?-?-?     24.085     22.581      1.151      1438987
            ?-?-?     12.932     22.583      1.150      8868304
            ?-?-?     25.430     22.581      1.152      7189108
            ?-?-?     25.978     22.581      1.158      7852420
            ?-?-?     20.972     22.586      1.147      4803668
            ?-?-?     19.945     22.581      1.152      2631323
            ?-?-?     25.807     22.587      1.148      3398865
            ?-?-?     23.640     22.581      1.152       397704
            ?-?-?     24.868     22.588      1.152      1017954
            ?-?-?     25.142     22.581      1.152      1447909
            ?-?-?     24.085     24.085      1.260     72741160
            ?-?-?     22.581     24.083      1.262      1605323
            ?-?-?     25.673     24.084      1.263     23407006
            ?-?-?     19.961     24.085      1.262      1535107
            ?-?-?     25.673     25.675      1.047     69502088
            ?-?-?     22.581     25.673      1.044       680431
            ?-?-?     24.085     25.674      1.047     21265924
            ?-?-?     25.430     25.674      1.047     16248000
            ?-?-?     17.274     17.274      0.040     66969052
            ?-?-?     12.932     12.932     -0.587     41200456
            ?-?-?     22.581     12.932     -0.586     13126714
            ?-?-?     25.673     12.930     -0.587      2958800
            ?-?-?     25.430     12.932     -0.588      9410970
            ?-?-?     25.978     12.931     -0.587     10853991
            ?-?-?     20.972     12.932     -0.583      8645444
            ?-?-?     19.945     12.930     -0.587      4241854
            ?-?-?     25.430     25.432      0.650    113852056
            ?-?-?     22.581     25.434      0.651      9880758
            ?-?-?     25.673     25.434      0.654     13804362
            ?-?-?     12.932     25.433      0.654      8070198
            ?-?-?     25.978     25.434      0.651     28407032
            ?-?-?     25.103     25.430      0.653      8583073
            ?-?-?     25.775     25.435      0.651     15667906
            ?-?-?     20.991     25.430      0.650      6619937
            ?-?-?     23.916     25.430      0.649      9363788
            ?-?-?     20.972     25.431      0.651      6477282
            ?-?-?     19.945     25.432      0.651      6002535
            ?-?-?     25.978     25.978      0.667    119629344
            ?-?-?     22.581     25.978      0.666     11184881
            ?-?-?     12.932     25.976      0.667      8793001
            ?-?-?     25.430     25.978      0.666     28446142
            ?-?-?     25.775     25.979      0.667     42951020
            ?-?-?     23.916     25.975      0.665      7191821
            ?-?-?     20.972     25.978      0.667     11841708
            ?-?-?     19.945     25.977      0.671     10352387
            ?-?-?     24.868     25.977      0.668      5010574
            ?-?-?     25.142     25.978      0.667      7954860
            ?-?-?     25.103     25.103      1.014    291232992
            ?-?-?     25.430     25.104      1.012      6864836
            ?-?-?     25.775     25.106      1.013     55359480
            ?-?-?     23.916     25.102      1.014     13871295
            ?-?-?     19.484     25.103      1.015       565843
            ?-?-?     25.775     25.775      1.018    251883536
            ?-?-?     25.430     25.776      1.018     12233130
            ?-?-?     25.978     25.775      1.017     24001014
            ?-?-?     25.103     25.774      1.017     57104508
            ?-?-?     20.991     25.774      1.018      1945879
            ?-?-?     23.916     25.775      1.016     18828572
            ?-?-?     17.114     17.113     -0.066     14648239
            ?-?-?     20.991     17.114     -0.066     11081039
            ?-?-?     20.991     20.991     -0.320     24666500
            ?-?-?     25.673     20.995     -0.324      1728962
            ?-?-?     25.430     20.991     -0.324      1059632
            ?-?-?     25.775     20.992     -0.320      2981302
            ?-?-?     17.114     20.991     -0.321     10150667
            ?-?-?     23.916     20.994     -0.320       983940
            ?-?-?     19.961     19.961      1.347      6927672
            ?-?-?     24.085     19.960      1.347       841139
            ?-?-?     23.916     23.916      1.454     20024374
            ?-?-?     25.430     23.914      1.457      6371306
            ?-?-?     25.978     23.916      1.454      5923960
            ?-?-?     25.103     23.915      1.456     10114000
            ?-?-?     25.775     23.914      1.456     13297370
            ?-?-?     20.991     23.916      1.455       777345
            ?-?-?     24.608     23.915      1.454      2784192
            ?-?-?     19.484     23.914      1.452       948862
            ?-?-?     19.168     23.916      1.450       660099
            ?-?-?     24.608     24.604      1.400     32119438
            ?-?-?     23.916     24.605      1.401      2891336
            ?-?-?     19.484     24.607      1.405      3281379
            ?-?-?     19.168     24.608      1.405      2968696
            ?-?-?     21.141     24.606      1.401      1600095
            ?-?-?     18.513     24.606      1.400       649902
            ?-?-?     19.168     19.167     -0.062     31451382
            ?-?-?     25.936     19.168     -0.061      4350310
            ?-?-?     24.231     19.162     -0.062      2176315
            ?-?-?     23.916     19.168     -0.058       686401
            ?-?-?     24.608     19.163     -0.058      2669090
            ?-?-?     19.484     19.164     -0.062     17120746
            ?-?-?     21.399     19.168     -0.062      2186175
            ?-?-?     21.141     19.167     -0.061      3788133
            ?-?-?     20.742     19.167     -0.060      7253756
            ?-?-?     18.513     19.168     -0.062      5035622
            ?-?-?     19.484     19.484     -0.287     29358544
            ?-?-?     23.916     19.483     -0.285       940068
            ?-?-?     24.608     19.482     -0.285      2701050
            ?-?-?     19.168     19.482     -0.287     16277939
            ?-?-?     21.141     19.484     -0.287      1817428
            ?-?-?     18.513     19.484     -0.284      4085916
            ?-?-?     21.141     21.143      0.767     62253132
            ?-?-?     24.608     21.141      0.768      1510341
            ?-?-?     19.484     21.141      0.771      2351252
            ?-?-?     19.168     21.140      0.768      3662979
            ?-?-?     21.399     21.140      0.770     29062204
            ?-?-?     18.513     21.141      0.768      2354436
            ?-?-?     21.399     21.399      0.580     46174852
            ?-?-?     22.636     21.393      0.581      2807662
            ?-?-?     19.168     21.399      0.580      2063326
            ?-?-?     21.141     21.397      0.584     30607020
            ?-?-?     20.742     21.397      0.580      3589171
            ?-?-?     18.513     21.399      0.580      4577057
            ?-?-?     18.513     18.511      0.254     25718126
            ?-?-?     22.636     18.511      0.256      5576282
            ?-?-?     25.936     18.513      0.253      6974668
            ?-?-?     24.231     18.512      0.253      4988980
            ?-?-?     24.608     18.512      0.253       867698
            ?-?-?     19.484     18.513      0.256      4151858
            ?-?-?     19.168     18.514      0.257      4428068
            ?-?-?     21.399     18.514      0.257      3817108
            ?-?-?     21.141     18.513      0.256      2759386
            ?-?-?     20.742     18.510      0.256     11710513
            ?-?-?     20.742     20.743     -0.315     17676042
            ?-?-?     22.636     20.742     -0.312      1929768
            ?-?-?     25.936     20.742     -0.312      6507214
            ?-?-?     24.231     20.740     -0.313      3526170
            ?-?-?     19.168     20.741     -0.315      6860880
            ?-?-?     21.399     20.741     -0.317      2532261
            ?-?-?     18.513     20.742     -0.315     11539577
            ?-?-?     19.945     19.945      0.660     31520872
            ?-?-?     22.581     19.942      0.660      3234712
            ?-?-?     12.932     19.945      0.661      3858289
            ?-?-?     25.430     19.946      0.661      6853595
            ?-?-?     25.978     19.945      0.660     12573367
            ?-?-?     20.972     19.942      0.665     11440308
            ?-?-?     25.807     19.944      0.660      7141496
            ?-?-?     23.640     19.945      0.667      2934658
            ?-?-?     24.868     19.948      0.660     15171522
            ?-?-?     25.142     19.945      0.664      7081818
            ?-?-?     20.972     20.973      0.589     19073502
            ?-?-?     22.581     20.972      0.589      4450006
            ?-?-?     12.932     20.972      0.585      7456849
            ?-?-?     25.430     20.976      0.589      5644970
            ?-?-?     25.978     20.972      0.585     10609106
            ?-?-?     19.945     20.973      0.589     10324810
            ?-?-?     26.262     20.970      0.589      6855404
            ?-?-?     25.807     20.975      0.584      6053840
            ?-?-?     23.640     20.972      0.584      2777138
            ?-?-?     24.868     20.974      0.582      4458397
            ?-?-?     25.142     20.972      0.589      2531062
            ?-?-?     23.368     23.367      1.071     54800876
            ?-?-?     26.262     23.368      1.072     15864886
            ?-?-?     25.807     23.367      1.071     19081810
            ?-?-?     23.640     23.368      1.076     19614356
            ?-?-?     26.262     26.262      0.942     28552306
            ?-?-?     20.972     26.261      0.941      5258735
            ?-?-?     23.368     26.262      0.941     17587282
            ?-?-?     25.807     26.261      0.941      7906299
            ?-?-?     23.640     26.262      0.942      5707588
            ?-?-?     23.640     23.640      0.937    134612656
            ?-?-?     22.581     23.645      0.937       959807
            ?-?-?     20.972     23.640      0.933      3140160
            ?-?-?     19.945     23.642      0.937      3078330
            ?-?-?     26.262     23.641      0.938      7709329
            ?-?-?     23.368     23.640      0.937     19985956
            ?-?-?     25.807     23.640      0.941     37586512
            ?-?-?     24.868     23.640      0.937      7190474
            ?-?-?     25.142     23.640      0.937      7526271
            ?-?-?     25.807     25.807      0.944     88028064
            ?-?-?     22.581     25.806      0.944       973602
            ?-?-?     20.972     25.804      0.942      4015746
            ?-?-?     19.945     25.807      0.944      3525533
            ?-?-?     26.262     25.805      0.942      9940877
            ?-?-?     23.368     25.807      0.943     14735773
            ?-?-?     23.640     25.803      0.943     32848926
            ?-?-?     24.868     25.807      0.944      7850880
            ?-?-?     25.142     25.142      0.851    243936256
            ?-?-?     22.581     25.144      0.850      1001553
            ?-?-?     25.978     25.142      0.850      4140864
            ?-?-?     20.972     25.140      0.851      2130238
            ?-?-?     19.945     25.140      0.852      6243766
            ?-?-?     23.640     25.142      0.851      6734912
            ?-?-?     24.868     25.141      0.851     54131824
            ?-?-?     24.868     24.868      0.777    187922224
            ?-?-?     22.581     24.867      0.778      2003054
            ?-?-?     25.978     24.867      0.778      7989143
            ?-?-?     20.972     24.868      0.777      5471814
            ?-?-?     19.945     24.866      0.773     14983724
            ?-?-?     25.807     24.868      0.772     11189746
            ?-?-?     23.640     24.864      0.777      9148296
            ?-?-?     25.142     24.863      0.777     54895944
            ?-?-?     23.747     23.747      0.821    649865088
            ?-?-?     24.594     24.594      0.874    603156864
            ?-?-?     23.745     24.620      0.874     68554240
            ?-?-?     24.574     23.744      0.821     79734960
