            Assignment         w1         w2         w3   Data Height 

            ?-?-?     20.721     20.742      0.880    229291280 
            ?-?-?     21.159     21.162      0.864    216936352 
            ?-?-?     20.758     21.125      0.865     15671099 
            ?-?-?     14.415     14.415      0.880    240855200 
            ?-?-?     25.022     25.028      1.140    147217440 
            ?-?-?     21.068     21.088      1.252    150534240 
            ?-?-?     23.689     21.091      1.253     10468986 
            ?-?-?     23.724     23.748      1.000    171534912 
            ?-?-?     21.071     23.733      1.000      9579501 
            ?-?-?     21.818     21.844      0.881     64436140 
            ?-?-?     23.951     21.888      0.886      6581426 
            ?-?-?     22.129     22.150      0.823    117475456 
            ?-?-?     18.502     18.510      0.579     57567556 
            ?-?-?     22.361     18.491      0.579      5452160 
            ?-?-?     22.341     22.354      0.878    127317424 
            ?-?-?     18.520     22.305      0.879     10898809 
            ?-?-?     19.135     19.145      1.592    163555264 
            ?-?-?     18.913     18.922      1.420    361834176 
            ?-?-?     19.237     19.242      1.423   1119813248 
            ?-?-?     15.491     15.495      0.680     85144480 
            ?-?-?     18.174     18.175      1.456    132165872 
            ?-?-?     17.839     17.843      1.477    174226384 
            ?-?-?     23.547     23.556      1.058    137115088 
            ?-?-?     25.684     23.552      1.058     10745676 
            ?-?-?     15.903     23.528      1.055      2879459 
            ?-?-?     25.675     25.675      0.841    168198688 
            ?-?-?     23.541     25.678      0.841     14054007 
            ?-?-?     22.796     22.814      0.156    150935696 
            ?-?-?     25.297     22.813      0.156      9743482 
            ?-?-?     17.461     22.805      0.161      1778340 
            ?-?-?     25.291     25.311     -0.107     99146664 
            ?-?-?     22.795     25.307     -0.107      8213864 
            ?-?-?     15.856     25.314     -0.106      3760694 
            ?-?-?     15.854     15.864      0.951    111822736 
            ?-?-?     23.587     15.835      0.951      5079324 
            ?-?-?     15.667     15.667      1.048    138993056 
            ?-?-?     18.482     18.481      0.869    100582112 
            ?-?-?     22.175     18.480      0.866      6762631 
            ?-?-?     28.120     18.473      0.869      4627808 
            ?-?-?     22.178     22.196      0.864    145356864 
            ?-?-?     18.473     22.230      0.870     11068893 
            ?-?-?     23.649     22.231      0.866      5793546 
            ?-?-?     28.126     22.214      0.863      4264366 
            ?-?-?     28.177     22.328      0.885      5887244 
            ?-?-?     22.178     22.196      0.864    145356864 
            ?-?-?     18.473     22.230      0.870     11068893 
            ?-?-?     23.442     23.453      0.768    475400064 
            ?-?-?     24.939     23.452      0.768     29691490 
            ?-?-?     24.940     24.959      0.742    312551712 
            ?-?-?     23.441     24.966      0.742     19743650 
            ?-?-?     20.065     20.068     -0.868     70414560 
            ?-?-?     13.666     13.675      0.023    169342064 
            ?-?-?     20.521     13.668      0.022      2403850 
            ?-?-?     23.355     23.362      1.794    179965184 
            ?-?-?     19.689     19.700     -0.384    121122952 
            ?-?-?     16.431     19.705     -0.385      6038254 
            ?-?-?     22.586     19.707     -0.387      1831697 
            ?-?-?     28.168     19.704     -0.384     10857647 
            ?-?-?     28.167     28.166      0.510    100192216 
            ?-?-?     26.959     28.166      0.511      6485997 
            ?-?-?     22.550     28.187      0.509      4956688 
            ?-?-?     19.683     28.165      0.511      8785221 
            ?-?-?     22.545     22.545      0.814    136903824 
            ?-?-?     26.932     22.548      0.814     15960377 
            ?-?-?     25.934     22.351      0.807       808526 
            ?-?-?     28.181     22.528      0.813      6143535 
            ?-?-?     26.917     26.917      1.004    226485104 
            ?-?-?     22.543     26.928      1.004     13126367 
            ?-?-?     20.522     20.522      1.111    131665064 
            ?-?-?     19.631     20.537      1.111      6065529 
            ?-?-?     20.715     20.734      1.333    193984912 
            ?-?-?     25.016     20.665      1.328      3125782 
            ?-?-?     17.428     17.444      1.063    124605712 
            ?-?-?     19.625     19.648      0.536     57759592 
            ?-?-?     20.538     19.649      0.535      5590504 
            ?-?-?     12.012     12.030      0.156    294401824 
            ?-?-?     17.443     12.019      0.157      3290647 
            ?-?-?     18.193     18.197      1.639    143135024 
            ?-?-?     20.450     18.174      1.638      3123180 
            ?-?-?     18.562     18.584      1.082     73970280 
            ?-?-?     19.354     18.583      1.084      3532255 
            ?-?-?     20.448     18.581      1.082      7240178 
            ?-?-?     20.443     20.464      1.042    273213344 
            ?-?-?     18.550     20.465      1.048      9322619 
            ?-?-?     19.368     19.383      1.275     63460408 
            ?-?-?     22.618     19.322      1.277      1028029 
            ?-?-?     16.430     16.434      1.093    100096232 
            ?-?-?     19.689     16.425      1.092      4280884 
            ?-?-?     20.869     20.888      0.986    360967104 
            ?-?-?     22.674     20.879      0.987     14013621 
            ?-?-?     27.016     20.906      0.987      2847642 
            ?-?-?     22.669     22.677      1.090    332340256 
            ?-?-?     20.868     22.680      1.089     22204376 
            ?-?-?     23.380     23.403      1.342     85810232 
            ?-?-?     22.510     23.417      1.336      2917870 
            ?-?-?     26.949     23.415      1.339      9838169 
            ?-?-?     26.951     26.961      0.776     88655976 
            ?-?-?     28.173     26.962      0.776      4552518 
            ?-?-?     22.561     26.943      0.774      3653044 
            ?-?-?     23.380     26.977      0.776      7292322 
            ?-?-?     22.232     22.235      1.014    240197392 
            ?-?-?     23.627     22.222      1.013     13840494 
            ?-?-?     23.627     23.628      1.245    224589424 
            ?-?-?     22.219     23.627      1.245     20366482 
            ?-?-?     18.426     23.646      1.242      1365798 
            ?-?-?     28.113     28.129      1.011     99427288 
            ?-?-?     23.876     28.095      1.011      4421186 
            ?-?-?     21.415     21.424     -0.106    131279184 
            ?-?-?     25.397     21.430     -0.105     12957662 
            ?-?-?     23.852     21.406     -0.102      2080768 
            ?-?-?     18.540     21.432     -0.102      1023692 
            ?-?-?     25.398     25.413      0.413    127420928 
            ?-?-?     23.862     25.414      0.410      2539497 
            ?-?-?     21.415     25.415      0.413     10134230 
            ?-?-?     18.496     25.441      0.413      2939203 
            ?-?-?     21.414     21.422      0.854    110496336 
            ?-?-?     24.427     21.426      0.854      5756066 
            ?-?-?     24.428     24.431     -0.125     17081070 
            ?-?-?     21.420     24.438     -0.124      3989974 
            ?-?-?     14.239     14.244      0.674    331480192 
            ?-?-?     21.402     14.242      0.674     11484327 
            ?-?-?     21.151     14.247      0.675      8486818 
            ?-?-?     22.609     22.634      0.720    151135440 
            ?-?-?     18.473     22.656      0.716      3140768 
            ?-?-?     25.970     25.972      0.667    584939392 
            ?-?-?     25.421     25.977      0.668     16695616 
            ?-?-?     25.017     25.974      0.673      2592726 
            ?-?-?     24.251     25.953      0.665     14193356 
            ?-?-?     23.899     25.985      0.667      5484526 
            ?-?-?     22.596     25.984      0.667      6354141 
            ?-?-?     20.825     25.965      0.667      6880234 
            ?-?-?     19.951     25.984      0.667      6100779 
            ?-?-?     19.484     25.954      0.664      3047434 
            ?-?-?     19.148     25.926      0.665      2456101 
            ?-?-?     18.479     25.952      0.667      4983500 
            ?-?-?     12.935     25.978      0.666      3465608 
            ?-?-?     24.250     24.252      0.573    287484576 
            ?-?-?     24.250     24.252      0.573    287484576 
            ?-?-?     25.937     24.253      0.574     15892258 
            ?-?-?     18.496     24.268      0.573      2721868 
            ?-?-?     22.599     22.615      1.155     92065776 
            ?-?-?     12.934     22.605      1.157      6433114 
            ?-?-?     12.886     22.626      1.152      6343363 
            ?-?-?     24.114     24.116      1.257    215417520 
            ?-?-?     25.652     24.110      1.256     12339434 
            ?-?-?     25.662     25.662      1.040    257042256 
            ?-?-?     24.122     25.657      1.041     12567048 
            ?-?-?     17.275     17.295      0.040    174545312 
            ?-?-?     12.928     12.949     -0.588    140409520 
            ?-?-?     20.969     12.956     -0.587      5824788 
            ?-?-?     22.598     12.951     -0.587     11989942 
            ?-?-?     26.007     12.947     -0.587      3414720 
            ?-?-?     25.428     12.960     -0.587      3411586 
            ?-?-?     25.431     25.454      0.651    498613376 
            ?-?-?     23.887     25.461      0.652      5877775 
            ?-?-?     22.597     25.442      0.651      5983092 
            ?-?-?     20.990     25.468      0.653      2317542 
            ?-?-?     20.722     25.640      0.644       739206 
            ?-?-?     19.944     25.470      0.650      2723516 
            ?-?-?     12.941     25.414      0.654      2359949 
            ?-?-?     25.093     25.113      1.012    653406592 
            ?-?-?     25.745     25.120      1.012     17333302 
            ?-?-?     23.903     25.137      1.013      8292922 
            ?-?-?     17.111     25.182      1.014      4114482 
            ?-?-?     25.769     25.786      1.016    679014080 
            ?-?-?     25.100     25.793      1.015     21968012 
            ?-?-?     23.898     25.796      1.015     10719468 
            ?-?-?     17.116     17.123     -0.067     56181504 
            ?-?-?     20.995     17.130     -0.067      6482274 
            ?-?-?     20.987     20.989     -0.315    103835616 
            ?-?-?     17.110     20.997     -0.314      6242148 
            ?-?-?     19.861     19.870      1.347     99291464 
            ?-?-?     23.894     23.911      1.454    130632760 
            ?-?-?     25.795     23.909      1.455      7228672 
            ?-?-?     25.415     23.901      1.455      3971412 
            ?-?-?     25.069     23.946      1.453      4313917 
            ?-?-?     24.563     24.564      1.401    155357856 
            ?-?-?     23.975     24.550      1.395      1771839 
            ?-?-?     19.171     19.194     -0.061    166974336 
            ?-?-?     18.573     19.174     -0.058      2643172 
            ?-?-?     20.731     19.200     -0.060      5793662 
            ?-?-?     20.735     19.508     -0.286      3619336 
            ?-?-?     19.484     19.509     -0.288    146715808 
            ?-?-?     25.951     19.525     -0.286      2914998 
            ?-?-?     21.134     21.132      0.768    227005072 
            ?-?-?     14.238     21.138      0.769      5640576 
            ?-?-?     28.195     21.088      0.763       903755 
            ?-?-?     21.404     21.417      0.583    215515056 
            ?-?-?     20.783     21.415      0.584      2339384 
            ?-?-?     14.248     21.417      0.583      6204514 
            ?-?-?     18.491     18.489      0.256    156106608 
            ?-?-?     19.113     18.475      0.262      2375447 
            ?-?-?     20.738     18.490      0.256     12593492 
            ?-?-?     22.630     18.473      0.257      4162954 
            ?-?-?     24.211     18.473      0.256      2351687 
            ?-?-?     25.938     18.483      0.256      5103648 
            ?-?-?     20.744     20.771     -0.321    110856504 
            ?-?-?     19.440     20.754     -0.320      4071428 
            ?-?-?     19.181     20.770     -0.321      5386363 
            ?-?-?     18.810     20.804     -0.327      1129339 
            ?-?-?     18.490     20.762     -0.320     11448259 
            ?-?-?     25.947     20.766     -0.321      4371718 
            ?-?-?     19.947     19.967      0.659    117660920 
            ?-?-?     20.961     19.978      0.659      8851684 
            ?-?-?     22.578     19.873      0.665      1658542 
            ?-?-?     25.973     19.980      0.659      5995961 
            ?-?-?     25.454     19.943      0.661      2850387 
            ?-?-?     24.868     19.972      0.659      8393770 
            ?-?-?     20.960     20.965      0.588    113983160 
            ?-?-?     19.943     20.965      0.588      7119404 
            ?-?-?     12.927     20.969      0.587      4460806 
            ?-?-?     26.004     20.958      0.589      5784392 
            ?-?-?     22.522     21.048      0.588      1722462 
            ?-?-?     23.373     23.380      1.072    207828944 
            ?-?-?     26.249     23.372      1.071     10485939 
            ?-?-?     26.255     26.266      0.942    144769072 
            ?-?-?     23.374     26.254      0.940     12352756 
            ?-?-?     23.498     23.520      0.932    767770624 
            ?-?-?     25.794     23.621      0.936     18478810 
            ?-?-?     25.793     25.802      0.943    344654752 
            ?-?-?     23.603     25.798      0.942     15855448 
            ?-?-?     25.098     25.120      0.852    643183296 
            ?-?-?     23.613     25.167      0.855      2282354 
            ?-?-?     19.537     25.074      0.858       532315 
            ?-?-?     19.087     25.111      0.858      1421987 
            ?-?-?     24.868     24.872      0.779    594312256 
            ?-?-?     23.601     24.866      0.782      2791663 
            ?-?-?     19.943     24.867      0.778      8240140 
            ?-?-?     25.762     24.887      0.771      2520999 
            ?-?-?     20.977     26.313      0.942      4610460 
