      Assignment         w1         w2         w3       Height
            ?-?-?     27.863     27.864      0.753   4.23E+07 
            ?-?-?     27.886     23.594      0.982   8.82E+06 
            ?-?-?     27.872     23.167      0.864   7.96E+06 
            ?-?-?     27.248     27.246      0.985   1.73E+07 
            ?-?-?     27.238     23.218      0.923   1.49E+07 
            ?-?-?     27.235     23.989      0.509   8.23E+06 
            ?-?-?     26.959     26.959      0.384   3.45E+07 
            ?-?-?     26.964     21.141      0.791   1.19E+07 
            ?-?-?     26.824     26.818      0.973   1.72E+08 
            ?-?-?     26.810     26.437      1.019   1.39E+07 
            ?-?-?     26.825     25.533      1.013   3.65E+07 
            ?-?-?     26.813     24.542      0.690   1.09E+07 
            ?-?-?     26.825     23.282      1.001   1.09E+07 
            ?-?-?     26.810     22.508      0.930   1.11E+07 
            ?-?-?     26.802     26.443      0.762   1.70E+07 
            ?-?-?     26.609     26.608      1.239   1.12E+08 
            ?-?-?     26.575     26.590      0.799   2.60E+07 
            ?-?-?     26.624     26.614      0.641   1.20E+07 
            ?-?-?     26.603     25.654      0.791   8.11E+06 
            ?-?-?     26.634     24.177      1.126   1.23E+07 
            ?-?-?     26.607     24.036      0.958   3.51E+07 
            ?-?-?     26.623     24.059      0.767   1.14E+07 
            ?-?-?     26.608     21.429      1.169   9.25E+06 
            ?-?-?     26.615     11.922      0.802   1.97E+07 
            ?-?-?     26.439     26.810      0.973   3.42E+07 
            ?-?-?     26.405     26.405      1.019   8.71E+07 
            ?-?-?     26.422     26.423      0.824   1.46E+08 
            ?-?-?     26.429     26.429      0.763   6.65E+07 
            ?-?-?     26.424     25.536      1.014   2.50E+07 
            ?-?-?     26.416     25.175      0.439   2.09E+07 
            ?-?-?     26.421     24.878      0.836   9.97E+06 
            ?-?-?     26.417     24.544      0.690   4.43E+07 
            ?-?-?     26.423     24.379      0.448   1.29E+07 
            ?-?-?     26.428     23.360      0.547   1.52E+07 
            ?-?-?     26.421     23.016      1.026   5.21E+07 
            ?-?-?     26.415     22.491      0.930   5.13E+07 
            ?-?-?     26.425     21.424      0.929   1.63E+07 
            ?-?-?     26.429     21.111      0.644   3.19E+07 
            ?-?-?     26.423     13.716      0.596   1.13E+07 
            ?-?-?     26.422     13.312      0.650   1.13E+07 
            ?-?-?     26.227     26.223      0.162   2.10E+07 
            ?-?-?     26.228     23.211      0.726   1.29E+07 
            ?-?-?     26.186     26.189      0.935   5.48E+07 
            ?-?-?     26.177     23.778      0.959   2.09E+07 
            ?-?-?     25.734     25.734      0.822   2.22E+08 
            ?-?-?     25.721     25.721      0.756   6.81E+07 
            ?-?-?     25.737     25.736      0.323   2.16E+07 
            ?-?-?     25.743     23.989      0.508   1.62E+07 
            ?-?-?     25.732     23.186      0.865   2.28E+07 
            ?-?-?     25.738     22.606      0.658   7.47E+07 
            ?-?-?     25.736     14.124      1.003   3.35E+07 
            ?-?-?     25.662     26.612      1.239   9.12E+06 
            ?-?-?     25.661     25.666      1.188   1.64E+08 
            ?-?-?     25.669     25.673      0.790   1.75E+08 
            ?-?-?     25.662     24.736      0.910   1.25E+07 
            ?-?-?     25.662     24.209      0.881   1.24E+07 
            ?-?-?     25.658     24.071      1.295   3.21E+07 
            ?-?-?     25.678     23.992      0.959   2.50E+07 
            ?-?-?     25.660     23.497      0.767   6.24E+07 
            ?-?-?     25.663     21.392      0.499   1.46E+07 
            ?-?-?     25.537     26.819      0.973   3.69E+07 
            ?-?-?     25.549     26.391      1.021   1.07E+07 
            ?-?-?     25.542     26.433      0.764   1.11E+07 
            ?-?-?     25.595     25.590      1.042   9.46E+07 
            ?-?-?     25.542     25.540      1.015   1.47E+08 
            ?-?-?     25.597     24.503      1.012   2.00E+07 
            ?-?-?     25.528     22.497      0.930   8.58E+06 
            ?-?-?     25.557     24.544      0.690   1.37E+07 
            ?-?-?     25.224     26.815      0.974   1.06E+07 
            ?-?-?     25.187     26.407      1.019   1.16E+07 
            ?-?-?     25.244     25.245      0.879   2.47E+08 
            ?-?-?     25.232     22.615      0.698   9.72E+07 
            ?-?-?     25.178     22.491      0.931   1.12E+07 
            ?-?-?     25.183     13.730      0.595   8.90E+06 
            ?-?-?     25.170     26.421      0.763   8.64E+06 
            ?-?-?     25.166     25.169      0.438   2.49E+08 
            ?-?-?     25.170     24.543      0.690   5.99E+07 
            ?-?-?     24.865     26.418      0.823   9.42E+06 
            ?-?-?     24.891     24.883      0.940   9.09E+07 
            ?-?-?     24.862     24.867      0.836   1.04E+08 
            ?-?-?     24.856     23.352      0.547   1.01E+07 
            ?-?-?     24.871     21.418      0.929   3.85E+07 
            ?-?-?     24.758     25.674      1.188   1.24E+07 
            ?-?-?     24.828     24.826      1.018   3.33E+08 
            ?-?-?     24.806     24.800      0.873   3.60E+07 
            ?-?-?     24.761     24.759      0.910   1.68E+08 
            ?-?-?     24.753     24.214      0.880   5.70E+07 
            ?-?-?     24.754     24.077      1.296   1.15E+07 
            ?-?-?     24.827     23.490      0.934   1.04E+08 
            ?-?-?     24.829      8.859      0.719   2.99E+07 
            ?-?-?     24.714     23.951      0.950   9.17E+06 
            ?-?-?     24.614     24.611      0.639   6.92E+07 
            ?-?-?     24.620     21.598      0.987   4.36E+07 
            ?-?-?     24.625     19.675      0.044   8.27E+06 
            ?-?-?     24.621     19.611      0.303   1.98E+07 
            ?-?-?     24.557     26.802      0.973   1.03E+07 
            ?-?-?     24.546     26.405      1.019   2.24E+07 
            ?-?-?     24.539     26.438      0.764   1.37E+07 
            ?-?-?     24.523     25.548      1.019   1.47E+07 
            ?-?-?     24.543     25.238      0.879   8.53E+06 
            ?-?-?     24.546     25.168      0.438   5.50E+07 
            ?-?-?     24.543     24.542      0.690   2.16E+08 
            ?-?-?     24.544     22.617      0.698   1.09E+07 
            ?-?-?     24.540     22.492      0.930   2.76E+07 
            ?-?-?     24.529     13.717      0.596   2.02E+07 
            ?-?-?     24.480     25.598      1.044   1.97E+07 
            ?-?-?     24.479     24.489      1.013   1.41E+08 
            ?-?-?     24.430     21.121      0.644   1.44E+07 
            ?-?-?     24.487     13.864      0.775   8.18E+06 
            ?-?-?     24.405     13.351      0.651   1.36E+07 
            ?-?-?     24.380     26.429      0.824   9.63E+06 
            ?-?-?     24.388     24.876      0.838   1.01E+07 
            ?-?-?     24.384     24.384      0.447   1.22E+08 
            ?-?-?     24.385     23.355      0.547   5.19E+07 
            ?-?-?     24.385     23.009      1.027   8.10E+06 
            ?-?-?     24.388     21.850      0.491   1.18E+07 
            ?-?-?     24.184     26.615      0.800   1.17E+07 
            ?-?-?     24.201     24.738      0.909   6.24E+07 
            ?-?-?     24.180     24.183      1.126   4.12E+07 
            ?-?-?     24.209     24.210      0.880   1.99E+08 
            ?-?-?     24.067     26.630      0.640   8.34E+06 
            ?-?-?     24.100     25.665      1.188   4.23E+07 
            ?-?-?     24.089     24.072      1.295   8.24E+07 
            ?-?-?     24.080     24.072      0.766   7.46E+07 
            ?-?-?     23.995     27.240      0.986   1.05E+07 
            ?-?-?     24.039     26.610      1.239   4.19E+07 
            ?-?-?     24.054     25.666      0.790   2.24E+07 
            ?-?-?     23.986     25.739      0.323   1.18E+07 
            ?-?-?     24.046     24.038      0.958   1.02E+08 
            ?-?-?     24.010     24.015      0.507   4.99E+07 
            ?-?-?     24.055     23.500      0.768   1.64E+07 
            ?-?-?     24.014     16.085      0.228   1.31E+07 
            ?-?-?     24.030     11.924      0.802   8.42E+06 
            ?-?-?     23.934     24.746      1.016   1.09E+07 
            ?-?-?     23.947     23.962      0.902   1.66E+07 
            ?-?-?     23.902     23.886      1.347   4.40E+07 
            ?-?-?     23.919     21.433      1.169   1.83E+07 
            ?-?-?     23.911     19.603      0.303   1.18E+07 
            ?-?-?     23.768     26.189      0.934   2.10E+07 
            ?-?-?     23.754     25.749      0.755   1.68E+07 
            ?-?-?     23.771     23.769      0.959   8.12E+07 
            ?-?-?     23.590     27.865      0.752   1.47E+07 
            ?-?-?     23.501     25.665      0.790   6.16E+07 
            ?-?-?     23.503     25.723      0.322   8.87E+06 
            ?-?-?     23.487     24.829      1.018   1.06E+08 
            ?-?-?     23.512     23.992      0.508   1.20E+07 
            ?-?-?     23.486     23.490      0.934   3.04E+08 
            ?-?-?     23.500     23.499      0.767   3.08E+08 
            ?-?-?     23.476     23.478      0.427   2.87E+07 
            ?-?-?     23.496     23.494      0.171   2.07E+07 
            ?-?-?     23.502     21.403      0.500   1.15E+07 
            ?-?-?     23.496     21.140      0.791   1.61E+07 
            ?-?-?     23.499     20.742     -0.408   7.60E+06 
            ?-?-?     23.488     19.497     -0.586   1.86E+07 
            ?-?-?     23.490      8.860      0.719   1.70E+07 
            ?-?-?     23.322     26.434      0.824   1.16E+07 
            ?-?-?     23.300     26.435      0.764   1.21E+07 
            ?-?-?     23.274     24.890      0.837   1.27E+07 
            ?-?-?     23.357     24.386      0.448   4.81E+07 
            ?-?-?     23.358     23.353      0.547   1.40E+08 
            ?-?-?     23.340     21.799      0.492   7.82E+06 
            ?-?-?     23.341     21.112      0.644   2.19E+07 
            ?-?-?     23.350     13.708      0.596   7.76E+06 
            ?-?-?     23.356     13.450      0.658   1.55E+07 
            ?-?-?     23.225     27.225      0.985   1.29E+07 
            ?-?-?     23.261     26.864      0.974   1.50E+07 
            ?-?-?     23.217     25.596      1.043   1.02E+07 
            ?-?-?     23.257     25.553      1.018   9.44E+06 
            ?-?-?     23.248     24.045      0.765   8.68E+06 
            ?-?-?     23.260     23.264      1.000   5.87E+07 
            ?-?-?     23.201     23.201      0.727   6.51E+07 
            ?-?-?     23.263     20.201      0.469   2.74E+07 
            ?-?-?     23.223     16.124      0.229   8.47E+06 
            ?-?-?     23.196     27.848      0.753   7.78E+06 
            ?-?-?     23.195     26.218      0.161   9.23E+06 
            ?-?-?     23.186     25.727      0.755   2.22E+07 
            ?-?-?     23.153     23.156      0.867   1.41E+08 
            ?-?-?     23.183     23.194      0.795   2.24E+07 
            ?-?-?     23.021     24.400      0.447   1.14E+07 
            ?-?-?     23.030     21.435      0.929   8.31E+06 
            ?-?-?     23.017     26.424      0.824   4.73E+07 
            ?-?-?     23.013     23.011      1.026   1.44E+08 
            ?-?-?     22.724     26.960      0.382   8.69E+06 
            ?-?-?     22.723     22.703      0.337   1.26E+07 
            ?-?-?     22.612     25.248      0.879   7.32E+07 
            ?-?-?     22.612     22.614      0.698   1.95E+08 
            ?-?-?     22.600     22.607      0.658   2.64E+08 
            ?-?-?     22.598     25.736      0.822   6.86E+07 
            ?-?-?     22.592     25.172      0.438   3.34E+07 
            ?-?-?     22.530     24.541      0.691   3.28E+07 
            ?-?-?     22.548     24.391      0.448   9.49E+06 
            ?-?-?     22.552     22.553      1.170   1.15E+08 
            ?-?-?     22.553     21.840      0.490   3.94E+07 
            ?-?-?     22.528     21.117      0.645   7.64E+06 
            ?-?-?     22.592     14.125      1.003   1.25E+07 
            ?-?-?     22.531     13.716      0.596   1.29E+07 
            ?-?-?     22.511     26.807      0.973   1.07E+07 
            ?-?-?     22.495     26.405      1.019   2.82E+07 
            ?-?-?     22.510     26.421      0.763   1.37E+07 
            ?-?-?     22.496     22.492      0.930   8.89E+07 
            ?-?-?     22.506     13.297      0.647   1.25E+07 
            ?-?-?     22.337     22.349      0.695   6.31E+07 
            ?-?-?     22.335     18.464      0.793   3.10E+07 
            ?-?-?     21.860     24.387      0.449   1.50E+07 
            ?-?-?     21.851     23.369      0.548   8.83E+06 
            ?-?-?     21.852     22.552      1.170   3.94E+07 
            ?-?-?     21.599     24.618      0.639   3.42E+07 
            ?-?-?     21.598     21.599      0.988   1.78E+08 
            ?-?-?     21.631     21.629      0.499   2.20E+08 
            ?-?-?     21.628     20.137      0.643   6.49E+07 
            ?-?-?     21.614     11.925      0.802   3.45E+07 
            ?-?-?     21.491     26.610      1.239   1.89E+07 
            ?-?-?     21.552     19.624      0.303   1.37E+07 
            ?-?-?     21.416     26.413      0.824   1.38E+07 
            ?-?-?     21.417     24.874      0.836   3.41E+07 
            ?-?-?     21.425     24.048      0.958   9.85E+06 
            ?-?-?     21.432     23.875      1.347   1.97E+07 
            ?-?-?     21.434     23.202      0.923   8.32E+06 
            ?-?-?     21.429     23.016      1.027   8.29E+06 
            ?-?-?     21.431     21.426      1.168   3.76E+07 
            ?-?-?     21.421     21.421      0.929   1.05E+08 
            ?-?-?     21.425     12.666      0.842   1.54E+07 
            ?-?-?     21.380     25.669      0.790   2.14E+07 
            ?-?-?     21.382     23.491      0.767   1.72E+07 
            ?-?-?     21.364     21.368      0.773   2.24E+08 
            ?-?-?     21.379     20.721     -0.407   2.78E+07 
            ?-?-?     21.366     19.723      0.766   6.97E+07 
            ?-?-?     21.143     26.943      0.384   7.79E+06 
            ?-?-?     21.138     23.500      0.172   1.01E+07 
            ?-?-?     21.139     21.166      0.790   4.29E+07 
            ?-?-?     21.106     26.435      0.762   2.39E+07 
            ?-?-?     21.107     24.558      0.690   7.65E+06 
            ?-?-?     21.108     24.384      0.447   1.16E+07 
            ?-?-?     21.110     23.356      0.546   1.99E+07 
            ?-?-?     21.107     21.108      0.644   9.85E+07 
            ?-?-?     21.104     13.711      0.596   8.83E+06 
            ?-?-?     21.111     13.473      0.659   1.34E+07 
            ?-?-?     20.996     21.008      0.939   1.80E+07 
            ?-?-?     20.961     20.964      0.898   8.56E+06 
            ?-?-?     20.726     25.663      0.790   7.67E+06 
            ?-?-?     20.710     23.505      0.766   8.62E+06 
            ?-?-?     20.718     21.404      0.499   2.37E+07 
            ?-?-?     20.717     20.725     -0.407   5.36E+07 
            ?-?-?     20.525     20.529      0.960   1.05E+07 
            ?-?-?     20.194     23.278      1.000   2.33E+07 
            ?-?-?     20.145     21.632      0.499   5.75E+07 
            ?-?-?     20.192     20.198      0.469   8.23E+07 
            ?-?-?     20.143     20.138      0.643   2.87E+08 
            ?-?-?     20.142     11.922      0.802   2.19E+07 
            ?-?-?     19.733     21.615      0.498   1.43E+07 
            ?-?-?     19.721     21.371      0.773   5.56E+07 
            ?-?-?     19.721     19.722      0.766   2.70E+08 
            ?-?-?     19.713     19.713      0.193   1.06E+07 
            ?-?-?     19.631     26.605      1.239   1.17E+07 
            ?-?-?     19.633     24.632      0.639   2.66E+07 
            ?-?-?     19.623     23.878      1.347   1.59E+07 
            ?-?-?     19.641     21.603      0.988   1.82E+07 
            ?-?-?     19.630     21.428      1.168   9.96E+06 
            ?-?-?     19.649     19.672      0.045   5.95E+07 
            ?-?-?     19.616     19.607      0.303   1.56E+08 
            ?-?-?     19.487     23.489      0.427   1.13E+07 
            ?-?-?     19.491     19.504     -0.587   2.60E+07 
            ?-?-?     18.457     22.336      0.695   2.14E+07 
            ?-?-?     18.458     18.470      0.793   9.70E+07 
            ?-?-?     16.109     24.053      0.959   9.93E+06 
            ?-?-?     16.116     16.116      0.228   2.59E+07 
            ?-?-?     14.129     25.741      0.822   2.13E+07 
            ?-?-?     14.124     22.610      0.657   8.31E+06 
            ?-?-?     14.130     14.127      1.003   1.88E+08 
            ?-?-?     13.940     13.922      0.328   1.85E+07 
            ?-?-?     13.858     13.861      0.775   8.60E+07 
            ?-?-?     13.852     12.859      0.841   9.07E+06 
            ?-?-?     13.719     25.169      0.440   7.92E+06 
            ?-?-?     13.720     24.548      0.691   1.45E+07 
            ?-?-?     13.719     13.719      0.595   9.59E+07 
            ?-?-?     13.655     13.662      0.424   2.32E+07 
            ?-?-?     13.464     23.350      0.547   1.13E+07 
            ?-?-?     13.485     21.100      0.644   8.02E+06 
            ?-?-?     13.473     13.476      0.660   1.35E+08 
            ?-?-?     13.296     22.504      0.931   1.11E+07 
            ?-?-?     13.296     13.295      0.647   9.60E+07 
            ?-?-?     13.101     13.101      0.863   7.92E+06 
            ?-?-?     12.662     21.424      0.928   1.20E+07 
            ?-?-?     12.660     12.663      0.841   1.70E+08 
            ?-?-?     11.918     26.614      1.239   1.72E+07 
            ?-?-?     11.916     21.628      0.500   1.55E+07 
            ?-?-?     11.916     20.140      0.643   1.52E+07 
            ?-?-?     11.915     11.919      0.802   1.69E+08 
            ?-?-?     11.296     11.301      0.202   2.40E+07 
            ?-?-?      8.847     24.827      1.018   2.16E+07 
            ?-?-?      8.849     23.490      0.934   1.07E+07 
            ?-?-?      8.846      8.854      0.719   2.31E+08 
            ?-?-?     19.670     11.944      0.803   7.40E+06 
            ?-?-?     24.865     12.662      0.841   5.15E+06 
            ?-?-?     26.423     12.697      0.838   3.20E+06 
            ?-?-?     25.610     13.856      0.773   3.64E+06 
            ?-?-?     13.314     14.171      1.003   5.45E+06 
            ?-?-?     24.461     14.280      0.987   3.97E+06 
            ?-?-?     23.050     13.315      0.649   6.58E+06 
            ?-?-?     21.863     13.729      0.595   4.33E+06 
            ?-?-?     13.301     13.717      0.594   5.04E+06 
            ?-?-?     26.647     13.909      0.323   4.84E+06 
            ?-?-?     26.200     13.972      0.327   3.29E+06 
            ?-?-?     24.479     11.321      0.205   2.91E+06 
            ?-?-?     28.081     11.333      0.203   2.11E+06 
            ?-?-?     26.587     16.148      0.225   3.90E+06 
            ?-?-?     25.741     16.155      0.227   3.77E+06 
            ?-?-?     27.248     16.125      0.228   7.14E+06 
            ?-?-?     21.395     16.077      0.227   2.58E+06 
            ?-?-?     26.606     20.192      0.647   2.72E+06 
            ?-?-?     24.022     21.432      0.501   5.46E+06 
            ?-?-?     25.663     20.733     -0.408   7.01E+06 
            ?-?-?     26.963     19.532     -0.589   3.17E+06 
            ?-?-?     25.711     19.496     -0.586   6.04E+06 
            ?-?-?     21.153     19.495     -0.591   4.28E+06 
            ?-?-?     22.696     19.514     -0.586   3.67E+06 
            ?-?-?     24.003     19.532     -0.586   4.07E+06 
            ?-?-?     22.715     23.472      0.427   6.71E+06 
            ?-?-?     26.958     23.465      0.426   3.38E+06 
            ?-?-?     26.613     19.600      0.303   6.42E+06 
            ?-?-?     11.920     19.692      0.303   2.26E+06 
            ?-?-?     23.889     19.668      0.047   4.43E+06 
            ?-?-?     21.576     19.666      0.046   4.73E+06 
            ?-?-?     26.811     20.195      0.468   3.75E+06 
            ?-?-?     26.438     20.207      0.469   3.94E+06 
            ?-?-?     25.539     20.171      0.471   2.83E+06 
            ?-?-?     24.891     20.220      0.470   3.29E+06 
            ?-?-?     24.111     20.189      0.468   2.96E+06 
            ?-?-?     25.542     23.303      1.002   5.79E+06 
            ?-?-?     24.862     23.299      1.001   5.97E+06 
            ?-?-?     21.110     23.292      0.999   4.22E+06 
            ?-?-?     25.737     21.125      0.791   4.30E+06 
            ?-?-?     22.735     21.121      0.795   3.86E+06 
            ?-?-?     19.495     21.150      0.791   6.25E+06 
            ?-?-?     26.981     23.486      0.171   2.83E+06 
            ?-?-?     25.721     23.494      0.171   4.85E+06 
            ?-?-?     23.983     23.537      0.170   4.54E+06 
            ?-?-?     19.497     23.498      0.170   7.01E+06 
            ?-?-?     11.916     21.434      1.169   4.33E+06 
            ?-?-?     27.226     21.452      1.167   6.13E+06 
            ?-?-?     27.247     23.884      1.346   4.05E+06 
            ?-?-?     26.623     23.867      1.346   5.08E+06 
            ?-?-?     11.920     21.605      0.989   7.27E+06 
            ?-?-?     26.598     21.612      0.989   7.34E+06 
            ?-?-?     24.065     21.609      0.987   5.03E+06 
            ?-?-?     11.915     24.630      0.640   2.71E+06 
            ?-?-?     26.582     24.666      0.639   4.40E+06 
            ?-?-?     13.702     21.850      0.490   2.88E+06 
            ?-?-?     23.330     21.408      0.929   6.39E+06 
            ?-?-?     12.652     24.897      0.835   2.85E+06 
            ?-?-?     20.206     24.894      0.836   3.49E+06 
            ?-?-?     25.152     21.105      0.645   4.06E+06 
            ?-?-?     24.872     21.120      0.643   5.74E+06 
            ?-?-?     25.506     21.098      0.643   4.41E+06 
            ?-?-?     26.817     21.116      0.644   5.82E+06 
            ?-?-?     20.230     26.452      0.767   3.66E+06 
            ?-?-?     13.761     26.425      0.765   3.69E+06 
            ?-?-?     13.299     26.422      0.761   3.04E+06 
            ?-?-?     13.860     25.582      1.047   3.68E+06 
            ?-?-?     14.271     24.518      1.012   2.99E+06 
            ?-?-?     13.878     24.487      1.014   4.87E+06 
            ?-?-?     11.300     24.521      1.012   3.59E+06 
            ?-?-?     23.482     26.979      0.383   5.65E+06 
            ?-?-?     26.941     22.708      0.337   7.34E+06 
            ?-?-?     23.474     22.688      0.337   6.54E+06 
            ?-?-?     19.490     22.690      0.340   3.02E+06 
            ?-?-?     21.432     24.016      0.509   6.02E+06 
            ?-?-?     19.523     24.015      0.508   6.84E+06 
            ?-?-?     16.115     24.015      0.507   3.38E+06 
            ?-?-?     26.613     23.980      0.509   4.99E+06 
            ?-?-?     27.198     25.724      0.324   3.34E+06 
            ?-?-?     26.530     25.740      0.323   2.83E+06 
            ?-?-?     19.493     25.744      0.322   6.80E+06 
            ?-?-?     23.200     25.772      0.322   3.45E+06 
            ?-?-?     16.100     23.214      0.923   6.92E+06 
            ?-?-?     26.607     23.208      0.920   4.43E+06 
            ?-?-?     16.110     27.282      0.988   5.67E+06 
            ?-?-?     21.445     27.250      0.983   6.05E+06 
            ?-?-?     26.607     27.257      0.984   3.68E+06 
            ?-?-?     25.737     27.257      0.984   3.87E+06 
            ?-?-?     16.125     26.590      1.238   4.84E+06 
            ?-?-?     27.244     26.620      1.239   4.98E+06 
            ?-?-?     24.634     26.627      1.239   7.10E+06 
            ?-?-?     23.511     26.613      1.239   6.61E+06 
            ?-?-?     23.235     26.630      1.241   5.63E+06 
            ?-?-?     20.119     26.631      1.237   4.14E+06 
            ?-?-?     11.923     24.048      0.961   4.95E+06 
            ?-?-?     19.620     24.038      0.957   4.03E+06 
            ?-?-?     27.242     24.080      0.959   4.71E+06 
            ?-?-?     21.569     24.089      0.958   7.63E+06 
            ?-?-?     26.612     23.493      0.768   3.70E+06 
            ?-?-?     24.832     23.463      0.769   7.23E+06 
            ?-?-?     22.549     23.341      0.547   6.15E+06 
            ?-?-?     13.720     24.388      0.448   4.72E+06 
            ?-?-?     13.360     24.403      0.449   7.17E+06 
            ?-?-?     21.419     24.407      0.449   5.24E+06 
            ?-?-?     21.124     26.828      0.971   5.44E+06 
            ?-?-?     20.194     26.835      0.974   4.56E+06 
            ?-?-?     22.539     25.532      1.013   7.43E+06 
            ?-?-?     21.126     25.514      1.016   3.99E+06 
            ?-?-?     13.725     22.482      0.930   7.48E+06 
            ?-?-?     21.117     22.504      0.929   7.33E+06 
            ?-?-?     23.299     22.465      0.930   6.75E+06 
            ?-?-?     13.269     26.438      1.021   3.27E+06 
            ?-?-?     21.136     26.403      1.020   3.27E+06 
            ?-?-?     23.313     26.425      1.020   2.87E+06 
            ?-?-?     13.735     26.438      1.021   2.51E+06 
            ?-?-?     23.792     28.051      0.742   7.79E+06 
            ?-?-?     28.072     23.827      0.229   3.33E+06 
            ?-?-?     26.641     23.784      0.228   2.33E+06 
            ?-?-?     21.149     25.174      0.436   3.58E+06 
            ?-?-?     26.829     25.174      0.438   7.13E+06 
            ?-?-?     12.806     26.393      0.832   2.73E+06 
            ?-?-?     13.297     23.022      1.027   4.61E+06 
            ?-?-?     24.870     23.011      1.028   5.16E+06 
            ?-?-?     25.719     27.832      0.754   4.52E+06 
            ?-?-?     24.486     23.189      0.727   6.99E+06 
            ?-?-?     25.626     23.211      0.726   9.36E+06 
            ?-?-?     24.178     26.235      0.937   6.30E+06 
            ?-?-?     25.760     26.197      0.937   5.62E+06 
            ?-?-?     26.589     26.168      0.935   7.80E+06 
            ?-?-?     13.888     26.643      0.799   3.69E+06 
            ?-?-?     26.183     24.195      1.123   5.07E+06 
            ?-?-?     13.919     24.203      1.130   2.50E+06 
            ?-?-?     23.818     26.652      0.640   4.69E+06 
            ?-?-?     23.971     23.505      0.428   3.18E+06 
            ?-?-?     23.232     23.975      0.509   7.92E+06 
            ?-?-?     25.741     16.155      0.227   3.77E+06 
            ?-?-?     21.643     19.734      0.766   1.81E+07 
            ?-?-?     19.722     20.176      0.643   9.36E+06 
            ?-?-?     24.194     13.950      0.327   2.03E+06 
            ?-?-?     23.752     23.193      0.867   7.32E+06 
            ?-?-?     26.162     25.739      0.756   6.61E+06 
            ?-?-?     11.271     13.860      0.771   1.77E+06 
            ?-?-?     24.872     24.415      0.447   8.27E+06 
            ?-?-?     24.401     21.469      0.929   3.85E+06 
            ?-?-?     23.105     24.876      0.837   7.32E+06 
            ?-?-?     21.123     24.876      0.836   5.35E+06 
            ?-?-?     24.063     23.496      0.934   1.70E+07 
            ?-?-?     25.722     23.766      0.959   2.23E+07 
            ?-?-?     13.718     23.373      0.546   6.58E+06 
            ?-?-?     24.057     23.216      0.921   9.75E+06 
            ?-?-?     24.379     22.573      1.170   5.07E+06 
            ?-?-?     23.351     22.573      1.171   3.30E+06 
            ?-?-?     13.717     21.132      0.644   6.63E+06 
            ?-?-?     14.123     13.303      0.647   2.14E+06 
            ?-?-?     13.728     13.314      0.647   7.23E+06 
            ?-?-?     13.933     26.225      0.171   1.62E+06 
            ?-?-?     16.092     25.764      0.323   1.29E+06 
            ?-?-?     23.209     24.515      1.013   8.18E+06 
            ?-?-?     16.086     21.354      1.167   1.73E+06 
            ?-?-?     19.488     26.989      0.385   2.53E+06 
            ?-?-?     23.487     24.045      0.958   2.19E+07 
            ?-?-?     23.798     23.795      0.230   5.80E+06 
            ?-?-?     11.252     28.054      0.745   1.42E+06 
            ?-?-?     26.610     21.548      0.503   3.93E+06 
            ?-?-?     21.635     26.646      1.239   1.65E+07 
            ?-?-?     20.199     25.564      1.017   1.79E+06 
            ?-?-?     20.189     24.144      1.293   1.51E+06 
            ?-?-?     23.259     21.112      0.643   1.46E+07 
            ?-?-?     21.166     25.760      0.323   2.29E+06 
            ?-?-?     21.443     25.757      0.325   2.20E+06 
            ?-?-?     21.440     11.946      0.803   1.58E+07 
            ?-?-?     23.186     11.943      0.803   2.97E+06 
            ?-?-?     23.218     21.439      1.168   6.09E+06 
            ?-?-?     24.616     11.962      0.800   3.86E+06 
            ?-?-?     24.616     21.454      1.169   2.09E+06 
            ?-?-?     21.454     24.658      0.636   1.05E+07 
            ?-?-?     23.897     26.645      1.238   2.67E+07 
            ?-?-?     24.005     21.430      1.168   1.31E+07 
            ?-?-?     25.731     23.219      0.923   4.27E+06 
            ?-?-?     24.043     19.559      0.303   8.76E+06 
            ?-?-?     24.059     27.275      0.986   8.04E+06 
            ?-?-?     24.391     13.742      0.596   8.22E+06 
            ?-?-?     26.425     23.297      1.000   1.14E+07 
            ?-?-?     26.198     26.619      0.800   7.40E+06 
            ?-?-?     20.148     19.705      0.766   9.09E+06 
            ?-?-?     23.194     23.777      0.959   1.02E+07 
            ?-?-?     25.740     21.431      1.168   1.75E+06 
            ?-?-?     11.959     23.214      0.926   1.75E+06 
            ?-?-?     28.049     23.629      0.981   5.29E+06 
            ?-?-?     27.899     28.066      0.739   1.20E+07 
            ?-?-?     11.286     14.291      0.992   1.76E+06 
            ?-?-?     13.856     11.308      0.204   2.04E+06 
            ?-?-?     14.300     11.277      0.205   7.51E+05 
            ?-?-?     23.596     28.048      0.741   9.17E+06 
