      Assignment         w1         w2         w3       Height
            ?-?-?      8.858      8.866      0.719   3.46E+08 
            ?-?-?     24.841      8.871      0.720   1.10E+07 
            ?-?-?     23.478      8.868      0.720   3.99E+06 
            ?-?-?     11.926     11.933      0.802   4.08E+08 
            ?-?-?     26.615     11.927      0.802   1.19E+07 
            ?-?-?     21.620     11.945      0.801   1.82E+07 
            ?-?-?     20.144     11.931      0.801   9.51E+06 
            ?-?-?     11.304     11.305      0.202   4.38E+07 
            ?-?-?     12.669     12.671      0.841   3.52E+08 
            ?-?-?     21.415     12.658      0.842   7.23E+06 
            ?-?-?     13.509     13.521      0.661   2.07E+08 
            ?-?-?     21.106     13.505      0.659   4.63E+06 
            ?-?-?     23.360     13.484      0.660   5.78E+06 
            ?-?-?     13.320     13.318      0.648   2.06E+08 
            ?-?-?     22.501     13.311      0.646   6.21E+06 
            ?-?-?     23.082     13.265      0.648   2.82E+06 
            ?-?-?     24.385     13.366      0.649   4.90E+06 
            ?-?-?     26.418     13.337      0.648   3.05E+06 
            ?-?-?     13.723     13.723      0.595   2.13E+08 
            ?-?-?     26.417     13.698      0.596   3.63E+06 
            ?-?-?     25.163     13.723      0.596   3.21E+06 
            ?-?-?     24.540     13.720      0.596   8.71E+06 
            ?-?-?     23.336     13.691      0.596   2.82E+06 
            ?-?-?     22.514     13.732      0.597   4.95E+06 
            ?-?-?     21.865     13.717      0.596   1.71E+06 
            ?-?-?     21.120     13.714      0.595   3.81E+06 
            ?-?-?     13.936     13.928      0.326   3.59E+07 
            ?-?-?     26.672     13.966      0.330   3.20E+06 
            ?-?-?     22.605     14.165      1.004   3.39E+06 
            ?-?-?     25.744     14.147      1.002   1.20E+07 
            ?-?-?     14.134     14.135      1.002   2.79E+08 
            ?-?-?     14.295     14.309      0.990   6.59E+07 
            ?-?-?     13.864     13.865      0.774   1.27E+08 
            ?-?-?     25.584     13.873      0.777   1.50E+06 
            ?-?-?     24.493     13.839      0.775   2.45E+06 
            ?-?-?     16.116     16.116      0.228   8.82E+07 
            ?-?-?     24.055     16.124      0.229   6.43E+06 
            ?-?-?     23.223     16.116      0.227   4.21E+06 
            ?-?-?     27.269     16.113      0.228   5.58E+06 
            ?-?-?     24.759     24.230      0.880   2.79E+07 
            ?-?-?     24.254     24.230      0.880   3.79E+08 
            ?-?-?     24.788     24.789      0.909   3.82E+08 
            ?-?-?     24.230     24.789      0.909   2.76E+07 
            ?-?-?     25.664     25.672      1.186   4.61E+08 
            ?-?-?     24.099     25.675      1.187   2.20E+07 
            ?-?-?     25.664     24.083      1.292   1.62E+07 
            ?-?-?     24.089     24.084      1.293   2.33E+08 
            ?-?-?     26.431     21.109      0.644   2.41E+07 
            ?-?-?     23.349     21.106      0.643   1.22E+07 
            ?-?-?     21.109     21.109      0.643   3.53E+08 
            ?-?-?     21.111     26.424      0.762   1.76E+07 
            ?-?-?     26.432     26.431      0.763   3.27E+08 
            ?-?-?     25.554     26.420      0.763   1.10E+07 
            ?-?-?     25.740     22.621      0.658   3.43E+07 
            ?-?-?     22.618     22.620      0.658   6.51E+08 
            ?-?-?     25.736     25.736      0.822   5.58E+08 
            ?-?-?     22.618     25.739      0.821   3.33E+07 
            ?-?-?     24.490     25.602      1.042   9.99E+06 
            ?-?-?     25.635     25.651      1.045   1.73E+08 
            ?-?-?     23.229     25.620      1.043   4.81E+06 
            ?-?-?     24.488     24.493      1.012   3.32E+08 
            ?-?-?     25.634     24.504      1.012   1.20E+07 
            ?-?-?     24.840     24.841      1.017   8.19E+08 
            ?-?-?     24.839     23.492      0.934   4.89E+07 
            ?-?-?     23.488     24.836      1.017   4.43E+07 
            ?-?-?     23.525     23.500      0.935   6.70E+08 
            ?-?-?     21.147     21.155      0.790   1.81E+08 
            ?-?-?     23.502     21.145      0.791   1.12E+07 
            ?-?-?     26.964     21.149      0.791   9.64E+06 
            ?-?-?     23.504     23.504      0.171   6.63E+07 
            ?-?-?     21.144     23.499      0.173   8.07E+06 
            ?-?-?     19.512     23.492      0.170   5.49E+06 
            ?-?-?     25.755     19.534     -0.585   5.75E+06 
            ?-?-?     23.486     19.514     -0.586   1.84E+07 
            ?-?-?     19.510     19.520     -0.585   1.47E+08 
            ?-?-?     23.477     23.477      0.426   1.44E+08 
            ?-?-?     22.746     23.475      0.426   8.00E+06 
            ?-?-?     19.509     23.475      0.426   1.14E+07 
            ?-?-?     26.964     26.960      0.383   1.64E+08 
            ?-?-?     22.730     26.970      0.384   7.58E+06 
            ?-?-?     21.141     26.965      0.385   5.61E+06 
            ?-?-?     26.947     22.740      0.337   6.26E+06 
            ?-?-?     23.475     22.766      0.338   5.85E+06 
            ?-?-?     22.725     22.726      0.335   6.43E+07 
            ?-?-?     25.753     25.751      0.322   9.90E+07 
            ?-?-?     23.969     25.752      0.325   8.47E+06 
            ?-?-?     23.508     25.765      0.323   4.93E+06 
            ?-?-?     19.506     25.760      0.322   5.35E+06 
            ?-?-?     23.980     23.981      0.509   1.56E+08 
            ?-?-?     27.237     23.968      0.509   5.14E+06 
            ?-?-?     25.756     23.984      0.509   1.27E+07 
            ?-?-?     23.892     23.882      1.347   1.75E+08 
            ?-?-?     21.437     23.884      1.347   1.72E+07 
            ?-?-?     19.638     23.890      1.347   9.84E+06 
            ?-?-?     21.437     21.436      1.168   2.06E+08 
            ?-?-?     19.638     21.434      1.170   4.60E+06 
            ?-?-?     27.259     21.441      1.168   4.22E+06 
            ?-?-?     26.617     21.450      1.168   4.77E+06 
            ?-?-?     23.899     21.445      1.169   1.49E+07 
            ?-?-?     27.253     23.909      1.347   3.46E+06 
            ?-?-?     23.217     21.419      1.167   3.51E+06 
            ?-?-?     21.431     23.194      0.923   4.43E+06 
            ?-?-?     16.105     23.205      0.926   3.24E+06 
            ?-?-?     23.219     23.221      0.922   2.03E+08 
            ?-?-?     27.254     23.213      0.922   1.02E+07 
            ?-?-?     23.954     27.239      0.984   5.67E+06 
            ?-?-?     23.472     27.250      0.983   2.44E+06 
            ?-?-?     23.221     27.211      0.985   9.24E+06 
            ?-?-?     21.432     27.267      0.986   4.98E+06 
            ?-?-?     27.256     27.253      0.986   1.07E+08 
            ?-?-?     16.134     27.278      0.984   3.76E+06 
            ?-?-?     19.626     19.629      0.303   5.80E+08 
            ?-?-?     21.533     19.645      0.303   5.91E+06 
            ?-?-?     24.617     19.627      0.303   1.46E+07 
            ?-?-?     23.900     19.630      0.301   7.27E+06 
            ?-?-?     24.609     19.686      0.050   6.26E+06 
            ?-?-?     19.670     19.678      0.049   1.80E+08 
            ?-?-?     11.931     26.612      1.239   9.50E+06 
            ?-?-?     21.467     26.614      1.239   1.11E+07 
            ?-?-?     19.643     26.619      1.239   4.97E+06 
            ?-?-?     24.061     26.616      1.239   2.60E+07 
            ?-?-?     26.614     26.612      1.239   4.06E+08 
            ?-?-?     24.615     26.612      1.240   4.73E+06 
            ?-?-?     24.065     24.058      0.958   2.88E+08 
            ?-?-?     26.609     24.051      0.959   2.34E+07 
            ?-?-?     16.126     24.061      0.958   6.18E+06 
            ?-?-?     25.681     23.992      0.958   1.42E+07 
            ?-?-?     24.617     21.607      0.988   3.27E+07 
            ?-?-?     21.604     21.604      0.988   6.22E+08 
            ?-?-?     19.636     21.589      0.988   6.86E+06 
            ?-?-?     21.603     24.613      0.638   2.66E+07 
            ?-?-?     19.642     24.623      0.637   1.95E+07 
            ?-?-?     24.613     24.610      0.638   2.88E+08 
            ?-?-?     24.065     25.678      0.790   1.25E+07 
            ?-?-?     23.507     25.675      0.790   2.93E+07 
            ?-?-?     25.674     25.678      0.790   5.06E+08 
            ?-?-?     21.386     25.670      0.789   1.45E+07 
            ?-?-?     21.393     23.510      0.768   7.84E+06 
            ?-?-?     23.507     23.506      0.766   7.82E+08 
            ?-?-?     25.676     23.502      0.765   3.32E+07 
            ?-?-?     24.059     23.529      0.766   2.12E+07 
            ?-?-?     21.374     20.736     -0.407   3.03E+07 
            ?-?-?     20.730     20.736     -0.408   2.53E+08 
            ?-?-?     20.739     21.403      0.498   2.87E+07 
            ?-?-?     21.393     21.404      0.498   2.96E+08 
            ?-?-?     25.669     21.408      0.499   1.08E+07 
            ?-?-?     23.518     21.392      0.499   5.21E+06 
            ?-?-?     22.561     22.565      1.170   3.80E+08 
            ?-?-?     21.855     22.565      1.170   3.28E+07 
            ?-?-?     24.385     21.843      0.490   7.96E+06 
            ?-?-?     22.557     21.839      0.490   3.03E+07 
            ?-?-?     21.841     21.903      0.490   2.99E+08 
            ?-?-?     24.387     24.386      0.447   4.68E+08 
            ?-?-?     23.361     24.386      0.448   3.26E+07 
            ?-?-?     21.853     24.390      0.448   9.12E+06 
            ?-?-?     21.107     24.396      0.446   5.02E+06 
            ?-?-?     26.426     24.406      0.448   6.19E+06 
            ?-?-?     26.428     23.355      0.547   6.11E+06 
            ?-?-?     24.386     23.357      0.545   3.81E+07 
            ?-?-?     23.361     23.354      0.546   4.83E+08 
            ?-?-?     21.858     23.346      0.545   4.68E+06 
            ?-?-?     21.104     23.361      0.546   1.02E+07 
            ?-?-?     23.272     20.202      0.468   2.23E+07 
            ?-?-?     20.203     20.208      0.469   3.08E+08 
            ?-?-?     20.206     23.288      1.002   2.11E+07 
            ?-?-?     23.268     23.272      1.002   2.42E+08 
            ?-?-?     26.822     23.281      1.004   5.55E+06 
            ?-?-?     26.826     26.819      0.974   6.41E+08 
            ?-?-?     25.542     26.819      0.973   2.40E+07 
            ?-?-?     24.538     26.855      0.975   4.56E+06 
            ?-?-?     26.826     25.533      1.013   2.24E+07 
            ?-?-?     25.545     25.541      1.014   5.61E+08 
            ?-?-?     26.424     25.548      1.014   1.65E+07 
            ?-?-?     23.261     26.844      0.973   7.94E+06 
            ?-?-?     24.553     26.407      1.019   1.34E+07 
            ?-?-?     22.501     26.402      1.019   1.63E+07 
            ?-?-?     26.407     26.406      1.018   3.50E+08 
            ?-?-?     22.498     22.495      0.929   2.90E+08 
            ?-?-?     24.545     22.503      0.929   1.41E+07 
            ?-?-?     26.413     22.495      0.929   3.50E+07 
            ?-?-?     13.743     22.489      0.927   3.69E+06 
            ?-?-?     13.301     22.490      0.927   4.58E+06 
            ?-?-?     25.192     22.490      0.929   4.23E+06 
            ?-?-?     26.416     24.862      0.834   5.34E+06 
            ?-?-?     24.865     24.866      0.834   3.71E+08 
            ?-?-?     21.423     24.871      0.835   2.14E+07 
            ?-?-?     23.271     24.890      0.836   8.33E+06 
            ?-?-?     26.418     21.419      0.927   8.81E+06 
            ?-?-?     24.865     21.425      0.927   2.44E+07 
            ?-?-?     21.424     21.424      0.927   3.55E+08 
            ?-?-?     12.667     21.424      0.926   5.45E+06 
            ?-?-?     13.663     13.663      0.421   3.09E+07 
            ?-?-?     28.048     28.062      0.742   6.31E+07 
            ?-?-?     23.803     28.062      0.744   9.04E+06 
            ?-?-?     28.063     23.822      0.230   2.46E+06 
            ?-?-?     26.625     23.809      0.232   2.31E+06 
            ?-?-?     23.808     23.811      0.231   2.15E+07 
            ?-?-?     21.633     20.134      0.641   3.20E+07 
            ?-?-?     20.146     20.143      0.642   7.43E+08 
            ?-?-?     11.929     20.163      0.642   5.50E+06 
            ?-?-?     11.931     21.634      0.499   6.71E+06 
            ?-?-?     20.145     21.629      0.498   3.24E+07 
            ?-?-?     21.635     21.631      0.498   7.47E+08 
            ?-?-?     24.555     25.175      0.438   3.48E+07 
            ?-?-?     22.608     25.176      0.439   1.52E+07 
            ?-?-?     25.169     25.174      0.437   6.67E+08 
            ?-?-?     26.418     25.173      0.439   9.57E+06 
            ?-?-?     22.522     24.548      0.691   1.54E+07 
            ?-?-?     25.171     24.547      0.690   3.64E+07 
            ?-?-?     24.549     24.548      0.690   6.96E+08 
            ?-?-?     26.415     24.551      0.691   2.59E+07 
            ?-?-?     13.726     24.573      0.692   5.90E+06 
            ?-?-?     25.250     25.245      0.879   6.58E+08 
            ?-?-?     22.625     25.251      0.878   4.42E+07 
            ?-?-?     25.236     22.627      0.699   5.56E+07 
            ?-?-?     22.626     22.625      0.698   6.02E+08 
            ?-?-?     23.023     23.018      1.026   4.50E+08 
            ?-?-?     26.425     23.025      1.025   3.33E+07 
            ?-?-?     23.020     26.424      0.825   3.09E+07 
            ?-?-?     26.425     26.425      0.824   5.51E+08 
            ?-?-?     21.423     26.432      0.825   6.59E+06 
            ?-?-?     24.391     26.457      0.824   6.06E+06 
            ?-?-?     24.420     22.992      1.025   5.51E+06 
            ?-?-?     23.606     27.925      0.749   9.04E+06 
            ?-?-?     27.887     27.879      0.755   1.43E+08 
            ?-?-?     27.885     23.609      0.982   6.65E+06 
            ?-?-?     23.629     23.617      0.987   6.58E+07 
            ?-?-?     26.230     26.230      0.164   5.32E+07 
            ?-?-?     23.232     26.220      0.165   5.04E+06 
            ?-?-?     23.218     23.217      0.725   1.46E+08 
            ?-?-?     26.232     23.202      0.724   6.00E+06 
            ?-?-?     21.367     21.373      0.772   7.74E+08 
            ?-?-?     19.732     21.370      0.773   2.89E+07 
            ?-?-?     21.366     19.735      0.764   3.78E+07 
            ?-?-?     19.729     19.730      0.765   8.49E+08 
            ?-?-?     18.465     18.474      0.795   2.21E+08 
            ?-?-?     22.342     18.478      0.795   1.34E+07 
            ?-?-?     22.332     22.406      0.696   1.35E+08 
            ?-?-?     18.460     22.348      0.696   9.05E+06 
            ?-?-?     26.648     24.187      1.125   8.43E+06 
            ?-?-?     24.190     24.190      1.125   1.23E+08 
            ?-?-?     24.190     26.634      0.800   7.71E+06 
            ?-?-?     26.648     26.644      0.800   9.81E+07 
            ?-?-?     23.785     26.194      0.935   1.07E+07 
            ?-?-?     26.187     26.188      0.934   1.65E+08 
            ?-?-?     23.779     23.781      0.959   2.34E+08 
            ?-?-?     26.184     23.795      0.959   1.18E+07 
            ?-?-?     23.186     23.183      0.865   2.45E+08 
            ?-?-?     25.735     23.194      0.864   1.36E+07 
            ?-?-?     23.219     25.737      0.756   1.72E+07 
            ?-?-?     25.730     25.729      0.756   2.45E+08 
            ?-?-?     24.083     24.074      0.765   2.08E+08 
            ?-?-?     26.644     24.046      0.762   6.62E+06 
            ?-?-?     24.077     26.628      0.640   4.52E+06 
            ?-?-?     26.637     26.633      0.639   4.26E+07 
            ?-?-?     12.887     13.870      0.775   1.32E+07 
            ?-?-?     21.529     19.699      0.049   2.24E+06 
            ?-?-?     23.923     19.710      0.044   2.43E+06 
            ?-?-?     23.514     20.730     -0.407   2.70E+06 
            ?-?-?     25.699     20.759     -0.405   2.13E+06 
            ?-?-?     21.126     19.524     -0.583   2.67E+06 
            ?-?-?     22.785     19.568     -0.583   2.59E+06 
            ?-?-?     23.920     19.496     -0.583   2.47E+06 
            ?-?-?     26.615     19.635      0.301   2.58E+06 
            ?-?-?     20.479     18.483      0.795   1.13E+07 
            ?-?-?     19.523     21.182      0.790   9.46E+06 
            ?-?-?     25.758     23.494      0.170   3.72E+06 
            ?-?-?     26.996     23.505      0.173   1.64E+06 
            ?-?-?     23.325     21.406      0.930   2.13E+06 
            ?-?-?     23.020     21.416      0.926   3.59E+06 
            ?-?-?     11.917     21.617      0.987   2.59E+06 
            ?-?-?     26.614     21.614      0.986   3.79E+06 
            ?-?-?     24.056     21.395      0.497   1.91E+06 
            ?-?-?     21.146     22.354      0.697   4.34E+06 
            ?-?-?     20.742     23.494      0.765   3.89E+06 
            ?-?-?     26.605     23.499      0.768   2.60E+06 
            ?-?-?     24.812     23.532      0.766   3.65E+06 
            ?-?-?     27.860     23.206      0.861   3.74E+06 
            ?-?-?     24.719     23.199      0.864   9.62E+06 
            ?-?-?     24.217     23.213      0.867   7.57E+06 
            ?-?-?     21.421     23.032      1.027   3.72E+06 
            ?-?-?     24.858     23.021      1.026   2.83E+06 
            ?-?-?     21.414     24.039      0.958   3.46E+06 
            ?-?-?     13.847     24.517      1.012   2.33E+06 
            ?-?-?     26.101     24.538      1.015   2.35E+06 
            ?-?-?      8.864     24.844      1.017   6.99E+06 
            ?-?-?     26.209     24.181      1.127   1.87E+06 
            ?-?-?     11.919     21.460      1.170   2.58E+06 
            ?-?-?     24.721     24.127      1.294   6.81E+06 
            ?-?-?     26.641     23.880      1.347   2.44E+06 
            ?-?-?     24.786     25.674      1.186   7.29E+06 
            ?-?-?     25.686     26.636      1.239   3.52E+06 
            ?-?-?     22.564     25.521      1.014   3.30E+06 
            ?-?-?     24.562     25.546      1.014   1.07E+07 
            ?-?-?     25.189     26.399      1.020   5.47E+06 
            ?-?-?     24.188     26.182      0.934   4.91E+06 
            ?-?-?     25.665     24.226      0.878   3.97E+06 
            ?-?-?     25.651     24.763      0.905   6.45E+06 
            ?-?-?     26.794     24.543      0.691   4.09E+06 
            ?-?-?     14.139     25.745      0.821   7.17E+06 
            ?-?-?     20.751     25.699      0.792   2.77E+06 
            ?-?-?     23.291     26.414      0.763   7.32E+06 
            ?-?-?     22.501     26.436      0.763   9.30E+06 
            ?-?-?     24.540     26.438      0.763   8.32E+06 
            ?-?-?     25.204     26.435      0.764   5.95E+06 
            ?-?-?     27.884     25.742      0.756   4.51E+06 
            ?-?-?     23.739     25.739      0.755   1.51E+07 
            ?-?-?     24.887     26.430      0.823   4.79E+06 
            ?-?-?     23.297     26.424      0.824   5.56E+06 
            ?-?-?     22.495     26.850      0.971   3.30E+06 
            ?-?-?     25.756     27.252      0.983   2.64E+06 
            ?-?-?     25.740     27.889      0.752   5.53E+06 
            ?-?-?     23.235     27.833      0.753   4.11E+06 
            ?-?-?     23.868     26.642      0.640   3.26E+06 
            ?-?-?     23.477     26.977      0.385   2.13E+06 
            ?-?-?     13.361     24.416      0.448   2.24E+06 
            ?-?-?     13.766     25.186      0.444   2.13E+06 
            ?-?-?     19.491     23.931      0.509   2.40E+06 
            ?-?-?     23.005     23.983      0.509   1.23E+07 
            ?-?-?     26.587     24.004      0.511   2.21E+06 
            ?-?-?     13.432     23.378      0.546   3.27E+06 
            ?-?-?     24.838     23.345      0.546   5.60E+06 
            ?-?-?     21.428     23.389      0.546   2.46E+06 
            ?-?-?     26.614     24.649      0.636   2.19E+06 
            ?-?-?     25.648     23.189      0.725   4.50E+06 
            ?-?-?     24.575     22.621      0.698   4.82E+06 
            ?-?-?     25.548     26.411      1.018   5.93E+06 
            ?-?-?     25.557     24.544      0.690   5.69E+06 
            ?-?-?     24.547     25.283      0.878   7.06E+06 
            ?-?-?     25.251     24.550      0.691   3.55E+07 
            ?-?-?     23.305     24.550      0.692   4.75E+06 
            ?-?-?     21.114     21.469      0.927   1.70E+07 
            ?-?-?     23.017     24.400      0.447   7.85E+06 
            ?-?-?     24.879     24.415      0.448   1.14E+07 
            ?-?-?     24.064     23.496      0.935   2.51E+07 
            ?-?-?     25.750     23.778      0.958   1.29E+07 
            ?-?-?     25.546     23.339      1.003   2.05E+06 
            ?-?-?     23.877     26.645      1.238   6.78E+06 
            ?-?-?     21.445     24.003      0.509   1.74E+06 
            ?-?-?     24.009     21.430      1.169   9.03E+06 
            ?-?-?     24.400     13.742      0.596   3.44E+06 
            ?-?-?     22.520     21.129      0.645   3.21E+06 
            ?-?-?     24.393     21.111      0.642   6.31E+06 
            ?-?-?     13.686     21.090      0.643   2.93E+06 
            ?-?-?     13.491     21.102      0.644   3.57E+06 
            ?-?-?     26.606     26.182      0.934   1.05E+07 
            ?-?-?     26.167     26.619      0.800   1.07E+07 
            ?-?-?     19.727     20.145      0.643   1.28E+07 
            ?-?-?     20.163     19.705      0.765   1.72E+07 
            ?-?-?     21.111     22.534      0.927   3.37E+06 
            ?-?-?     25.549     22.466      0.927   3.04E+06 
            ?-?-?     26.821     22.464      0.929   4.73E+06 
            ?-?-?     23.244     22.521      0.927   4.82E+06 
            ?-?-?     26.415     26.850      0.973   3.56E+07 
            ?-?-?     25.252     26.827      0.974   7.22E+06 
            ?-?-?     25.756     26.215      0.937   6.96E+06 
            ?-?-?     26.190     25.758      0.755   8.75E+06 
            ?-?-?     23.613     28.066      0.743   5.20E+06 
            ?-?-?     28.049     23.629      0.981   3.91E+06 
