      Assignment         w1         w2       Height
  LX625S     24.233      0.879   2.62E+07 
  LX625R     24.763      0.908   2.74E+07 
  LX621R     24.088      1.294   1.72E+07 
  LX621S     25.673      1.187   2.96E+07 
  LX597S     21.124      0.644   2.34E+07 
  LX597R     26.449      0.763   2.21E+07 
  LX642S     22.610      0.657   3.94E+07 
  LX642R     25.749      0.820   3.52E+07 
  IX615     14.132      1.002   2.03E+07 
  IX600     13.488      0.660   1.75E+07 
  LX666R     24.495      1.011   2.17E+07 
  LX666S     25.616      1.043   1.60E+07 
  LX551R     24.841      1.017   4.42E+07 
  LX551S     23.494      0.934   3.03E+07 
  IX572      8.854      0.719   2.29E+07 
  IX679     13.862      0.773   8.83E+06 
  IX697     11.299      0.203   4.11E+06 
  IX708     14.285      0.990   6.61E+06 
  VX549S     23.510      0.170   9.03E+06 
  VX549R     21.143      0.789   1.58E+07 
  VX520R     19.505     -0.588   1.51E+07 
  VX520S     23.483      0.426   1.27E+07 
  LX591S     22.733      0.336   8.38E+06 
  LX591R     26.977      0.382   1.44E+07 
  LX524S     23.999      0.507   1.23E+07 
  LX524R     25.755      0.321   9.34E+06 
  VX527R     21.439      1.168   1.65E+07 
  VX527S     23.898      1.346   1.57E+07 
  IX548     16.112      0.227   7.93E+06 
  LX540S     23.217      0.921   1.76E+07 
  LX540R     27.258      0.984   1.12E+07 
  IX632     12.658      0.840   1.91E+07 
  IX580     11.919      0.801   2.34E+07 
  VX583S     19.674      0.045   1.32E+07 
  LX564S     26.623      1.238   2.50E+07 
  VX561R     21.609      0.987   3.57E+07
  VX561S     24.633      0.638   2.00E+07 
  LX564R     24.070      0.958   2.26E+07 
  VX583R     19.614      0.302   2.92E+07 
  LX552S     23.513      0.765   4.43E+07 
  LX552R     25.676      0.789   3.19E+07 
  VX559R     21.393      0.498   2.43E+07 
  VX559S     20.721     -0.409   2.00E+07 
  IX619     13.294      0.647   1.87E+07 
  IX601     13.725      0.594   1.68E+07 
  VX647S     22.565      1.170   2.69E+07 
  VX647R     21.855      0.490   2.47E+07 
  LX651R     24.405      0.447   2.85E+07 
  LX651S     23.376      0.546   3.10E+07 
  VX620S     23.270      0.999   2.09E+07 
  VX620R     20.203      0.468   2.60E+07 
  LX513S     25.553      1.014   2.81E+07 
  LX513R     26.831      0.972   3.40E+07 
  LX616R     26.414      1.018   2.42E+07 
  LX616S     22.512      0.929   2.43E+07 
  LX623R     24.886      0.835   2.53E+07 
  IX670     13.660      0.423   3.54E+06 
  LX696R     28.051      0.741   7.33E+06 
  VX578S     21.644      0.497   3.69E+07 
  VX578R     20.154      0.642   3.98E+07 
  IX667     13.934      0.327   4.66E+06 
  LX607R     25.177      0.437   4.26E+07 
  LX607S     24.557      0.689   3.71E+07 
  LX598R     22.618      0.696   3.43E+07 
  LX598S     25.267      0.878   3.83E+07 
  LX636R     26.435      0.823   3.22E+07 
  LX636S     23.030      1.025   3.09E+07 
  LX623S     21.428      0.929   2.32E+07 
  LX683S     23.610      0.981   8.07E+06 
  LX514R     23.780      0.958   1.71E+07 
  LX696S     23.812      0.228   3.46E+06 
  LX662S     23.217      0.726   1.33E+07 
  LX662R     26.238      0.162   5.81E+06 
  VX530R     19.729      0.765   4.01E+07 
  VX530S     21.374      0.772   4.34E+07 
  VX507S     18.471      0.793   1.60E+07 
  VX507R     22.347      0.694   1.61E+07 
  LX508R     26.642      0.799   9.93E+06 
  LX508S     24.195      1.125   1.16E+07 
  LX514S     26.198      0.934   1.18E+07 
  LX680S     25.746      0.755   1.52E+07 
  LX680R     23.198      0.864   1.54E+07 
  LX683R     27.875      0.751   1.16E+07 
  LX702R     26.645      0.640   5.25E+06 
  LX702S     24.088      0.765   1.43E+07 
