      Assignment         w1         w2         w3       Height
            ?-?-?     26.608     10.566      1.037   1.08E+07 
            ?-?-?     25.585     10.559      1.037   2.38E+07 
            ?-?-?     23.669     10.550      1.036   1.18E+07 
            ?-?-?     22.646     10.563      1.037   4.00E+06 
            ?-?-?     21.205     10.546      1.036   3.66E+06 
            ?-?-?     13.955     10.562      1.037   1.25E+07 
            ?-?-?     23.378     10.538      1.037   6.24E+06 
            ?-?-?     27.486     10.732      0.922   1.09E+07 
            ?-?-?     25.050     10.737      0.922   1.01E+07 
            ?-?-?     23.863     10.733      0.922   1.63E+07 
            ?-?-?     22.665     10.736      0.923   9.48E+06 
            ?-?-?     21.109     10.741      0.923   6.25E+06 
            ?-?-?     14.043     10.717      0.920   3.16E+06 
            ?-?-?     26.916     14.015      0.993   9.28E+06 
            ?-?-?     26.620     14.078      0.993   6.38E+06 
            ?-?-?     25.632     14.050      0.994   5.65E+06 
            ?-?-?     25.082     14.041      0.994   6.23E+06 
            ?-?-?     23.699     14.043      0.994   1.38E+07 
            ?-?-?     22.647     14.024      0.994   2.43E+07 
            ?-?-?     18.411     14.036      0.993   7.80E+06 
            ?-?-?     10.625     14.026      0.994   6.64E+06 
            ?-?-?     27.127     14.573      0.858   4.47E+06 
            ?-?-?     25.677     14.543      0.859   6.07E+06 
            ?-?-?     25.259     14.560      0.858   6.57E+06 
            ?-?-?     22.935     14.557      0.858   9.98E+06 
            ?-?-?     26.529     13.910      0.677   4.35E+06 
            ?-?-?     25.593     13.925      0.679   6.05E+06 
            ?-?-?     23.639     13.909      0.679   5.37E+06 
            ?-?-?     22.627     13.911      0.679   3.87E+06 
            ?-?-?     10.565     13.918      0.678   1.02E+07 
            ?-?-?     26.523     14.209      0.278   7.57E+06 
            ?-?-?     25.591     14.209      0.278   6.67E+06 
            ?-?-?     24.206     14.194      0.277   1.83E+07 
            ?-?-?     23.601     14.201      0.278   6.45E+06 
            ?-?-?     22.646     14.181      0.278   4.14E+06 
            ?-?-?     25.690     15.596      0.722   6.01E+06 
            ?-?-?     20.746     15.613      0.720   4.76E+06 
            ?-?-?     17.892     15.610      0.722   3.68E+06 
            ?-?-?     22.953     15.617      0.721   1.17E+07 
            ?-?-?     22.726     15.617      0.719   1.16E+07 
            ?-?-?     14.041     18.393      0.300   6.67E+06 
            ?-?-?     26.924     18.411      0.299   5.65E+06 
            ?-?-?     26.572     18.394      0.298   4.90E+06 
            ?-?-?     25.655     18.387      0.297   5.43E+06 
            ?-?-?     23.654     18.391      0.300   1.40E+07 
            ?-?-?     22.652     18.380      0.300   3.51E+07 
            ?-?-?     21.155     17.934      0.302   3.74E+06 
            ?-?-?     17.935     22.633      0.622   1.18E+07 
            ?-?-?     15.608     22.635      0.622   4.64E+06 
            ?-?-?     14.077     22.666      1.014   3.79E+06 
            ?-?-?     18.404     22.653      1.014   2.06E+07 
            ?-?-?     17.935     17.928      0.299   3.46E+07 
            ?-?-?     26.926     22.646      1.015   4.12E+06 
            ?-?-?     26.526     22.633      1.013   9.56E+06 
            ?-?-?     19.054     23.137      1.042   2.36E+07 
            ?-?-?     23.142     19.039      0.827   1.98E+07 
            ?-?-?     22.729     19.091      0.824   7.14E+06 
            ?-?-?     20.738     19.050      0.827   3.44E+06 
            ?-?-?     25.442     19.031      0.827   4.66E+06 
            ?-?-?     20.732     22.477      1.041   2.28E+07 
            ?-?-?     25.572     22.494      1.040   1.50E+07 
            ?-?-?     25.573     20.720      0.830   1.41E+07 
            ?-?-?     23.674     20.703      0.829   4.98E+06 
            ?-?-?     23.126     20.717      0.829   1.22E+07 
            ?-?-?     22.512     20.725      0.829   3.26E+07 
            ?-?-?     15.611     20.748      0.829   3.93E+06 
            ?-?-?     20.729     23.129      1.042   1.17E+07 
            ?-?-?     25.452     23.139      1.043   1.06E+07 
            ?-?-?     20.496     21.262      0.970   5.75E+07 
            ?-?-?     21.201     20.457      0.979   6.07E+07 
            ?-?-?     21.552     21.241      0.881   8.44E+07 
            ?-?-?     21.209     21.544      0.816   8.76E+07 
            ?-?-?     21.089     22.911      0.919   2.52E+07 
            ?-?-?     24.821     21.041      0.669   4.19E+06 
            ?-?-?     22.902     21.086      0.671   2.53E+07 
            ?-?-?     24.823     22.909      0.921   7.73E+06 
            ?-?-?     27.497     21.091      0.671   9.69E+06 
            ?-?-?     27.482     22.909      0.919   9.65E+06 
            ?-?-?     17.931     21.083      0.672   3.75E+06 
            ?-?-?     10.745     21.095      0.671   4.70E+06 
            ?-?-?     23.113     21.392      1.261   2.54E+07 
            ?-?-?     21.378     23.118      1.080   3.20E+07 
            ?-?-?     22.880     23.500      1.443   1.70E+07 
            ?-?-?     21.384     23.451      1.443   3.61E+06 
            ?-?-?     23.524     22.895      1.073   2.19E+07 
            ?-?-?     21.203     27.138      0.782   1.73E+07 
            ?-?-?     25.621     27.164      0.781   4.50E+06 
            ?-?-?     14.578     27.144      0.781   4.22E+06 
            ?-?-?     27.143     21.196      0.743   1.65E+07 
            ?-?-?     26.610     21.198      0.743   7.96E+06 
            ?-?-?     25.557     21.198      0.744   9.90E+06 
            ?-?-?     23.371     21.213      0.743   7.22E+06 
            ?-?-?     26.486     21.259      0.112   1.29E+07 
            ?-?-?     21.265     26.478      0.368   1.37E+07 
            ?-?-?     27.464     26.494      0.367   4.89E+06 
            ?-?-?     15.603     25.717     -0.350   4.20E+06 
            ?-?-?     14.564     25.707     -0.348   4.36E+06 
            ?-?-?     22.934     25.710     -0.348   1.19E+07 
            ?-?-?     25.707     22.925      0.270   9.88E+06 
            ?-?-?     15.601     22.933      0.271   5.99E+06 
            ?-?-?     21.320     22.918      0.269   2.95E+06 
            ?-?-?     17.948     22.927      0.270   2.71E+06 
            ?-?-?     14.564     22.978      0.276   2.16E+06 
            ?-?-?     27.443     21.241      0.115   2.56E+06 
            ?-?-?     23.594     26.462      0.368   3.24E+06 
            ?-?-?     25.594     26.499      0.368   2.46E+06 
            ?-?-?     24.806     26.479      0.370   3.11E+06 
            ?-?-?     14.522     21.187      0.743   2.31E+06 
            ?-?-?     10.503     21.176      0.745   2.24E+06 
            ?-?-?     22.821     27.122      0.785   3.49E+06 
            ?-?-?     23.801     27.144      0.783   2.32E+06 
            ?-?-?     26.655     27.127      0.784   4.83E+06 
            ?-?-?     20.737     22.701      0.563   1.00E+07 
            ?-?-?     19.048     22.711      0.563   6.74E+06 
            ?-?-?     25.430     22.710      0.564   4.17E+07 
            ?-?-?     20.727     25.394      0.531   3.27E+06 
            ?-?-?     19.025     25.426      0.535   3.12E+06 
            ?-?-?     22.687     25.416      0.531   2.69E+07 
            ?-?-?     25.255     22.954      0.655   3.48E+07 
            ?-?-?     22.953     25.243      0.234   3.52E+07 
            ?-?-?     14.570     25.237      0.234   5.88E+06 
            ?-?-?     14.557     22.953      0.656   6.63E+06 
            ?-?-?     14.017     22.633      0.807   8.44E+06 
            ?-?-?     10.637     22.574      0.808   3.58E+06 
            ?-?-?     23.786     22.635      0.807   1.12E+07 
            ?-?-?     25.058     22.630      0.807   1.89E+07 
            ?-?-?     27.418     22.651      0.804   2.67E+06 
            ?-?-?     26.986     22.660      0.808   2.54E+06 
            ?-?-?     26.578     22.624      0.808   3.29E+06 
            ?-?-?     23.846     25.057      0.173   1.11E+07 
            ?-?-?     22.634     25.054      0.172   2.29E+07 
            ?-?-?     27.453     25.044      0.171   3.37E+06 
            ?-?-?     26.577     25.054      0.173   2.28E+06 
            ?-?-?     14.030     25.064      0.172   6.05E+06 
            ?-?-?     10.735     25.055      0.172   7.33E+06 
            ?-?-?     22.649     26.909      0.902   1.87E+07 
            ?-?-?     18.400     26.914      0.902   4.36E+06 
            ?-?-?     14.037     26.911      0.902   7.10E+06 
            ?-?-?     18.407     22.640      0.879   7.49E+06 
            ?-?-?     14.037     22.657      0.879   8.75E+06 
            ?-?-?     26.936     22.656      0.879   1.53E+07 
            ?-?-?     26.553     22.660      0.881   7.23E+06 
            ?-?-?     25.614     23.673      0.913   1.12E+08 
            ?-?-?     23.674     25.606      0.882   9.56E+07 
            ?-?-?     22.486     25.596      0.883   1.61E+07 
            ?-?-?     20.731     25.601      0.882   1.06E+07 
            ?-?-?     22.502     23.679      0.914   1.24E+07 
            ?-?-?     20.727     23.677      0.913   5.10E+06 
            ?-?-?     23.366     25.553      0.827   4.98E+07 
            ?-?-?     21.183     25.547      0.826   1.06E+07 
            ?-?-?     27.164     25.574      0.824   3.93E+06 
            ?-?-?     26.607     25.558      0.827   1.19E+07 
            ?-?-?     25.561     23.391      0.854   5.48E+07 
            ?-?-?     26.616     23.384      0.854   8.11E+06 
            ?-?-?     21.192     23.339      0.855   7.48E+06 
            ?-?-?     10.572     23.388      0.855   7.27E+06 
            ?-?-?     10.565     25.549      0.827   1.28E+07 
            ?-?-?     21.189     26.608      0.932   8.42E+06 
            ?-?-?     25.547     26.601      0.932   1.17E+07 
            ?-?-?     23.763     26.618      0.932   1.39E+07 
            ?-?-?     23.401     26.608      0.932   7.43E+06 
            ?-?-?     22.635     23.783      1.110   9.79E+06 
            ?-?-?     21.190     23.752      1.111   3.90E+06 
            ?-?-?     14.024     23.768      1.111   5.06E+06 
            ?-?-?     26.615     23.766      1.110   1.50E+07 
            ?-?-?     25.593     23.774      1.110   5.73E+06 
            ?-?-?     10.561     26.638      0.932   7.79E+06 
            ?-?-?     10.569     23.782      1.110   5.17E+06 
            ?-?-?     10.610     23.657      0.834   6.69E+06 
            ?-?-?     14.012     23.637      0.834   9.71E+06 
            ?-?-?     18.401     23.646      0.833   1.66E+07 
            ?-?-?     25.644     23.620      0.834   4.14E+07 
            ?-?-?     23.652     25.660      0.963   3.44E+07 
            ?-?-?     18.416     25.613      0.964   6.07E+06 
            ?-?-?     14.005     25.615      0.962   5.98E+06 
            ?-?-?     10.560     25.628      0.964   8.30E+06 
            ?-?-?     26.506     23.584      0.792   7.39E+06 
            ?-?-?     25.598     23.574      0.793   3.24E+07 
            ?-?-?     14.190     23.609      0.794   4.40E+06 
            ?-?-?     24.209     25.588      0.735   1.76E+07 
            ?-?-?     23.580     25.591      0.734   3.23E+07 
            ?-?-?     27.428     25.572      0.735   6.85E+06 
            ?-?-?     26.521     25.578      0.735   1.01E+07 
            ?-?-?     14.180     25.582      0.734   6.04E+06 
            ?-?-?     22.774     25.590      0.735   3.97E+06 
            ?-?-?     24.809     25.577      0.734   4.67E+06 
            ?-?-?     24.913     27.499      0.700   4.49E+06 
            ?-?-?     23.869     27.492      0.698   1.32E+07 
            ?-?-?     22.874     27.485      0.699   6.83E+06 
            ?-?-?     21.085     27.486      0.698   8.08E+06 
            ?-?-?     10.750     27.490      0.699   6.17E+06 
            ?-?-?     10.752     23.867      0.798   1.11E+07 
            ?-?-?     22.694     23.828      0.797   8.73E+06 
            ?-?-?     27.485     23.814      0.797   1.95E+07 
            ?-?-?     14.192     24.220      0.946   1.79E+07 
            ?-?-?     18.408     26.532      1.050   4.36E+06 
            ?-?-?     14.149     26.545      1.050   5.96E+06 
            ?-?-?     23.642     26.522      1.052   4.35E+06 
            ?-?-?     22.646     26.525      1.052   1.89E+07 
            ?-?-?     25.596     26.533      1.051   7.06E+06 
            ?-?-?     24.207     26.526      1.052   3.07E+07 
            ?-?-?     27.469     24.172      0.946   3.73E+06 
            ?-?-?     26.528     24.206      0.947   3.78E+07 
            ?-?-?     25.608     24.196      0.947   1.86E+07 
            ?-?-?     22.671     24.209      0.946   1.22E+07 
            ?-?-?     27.460     24.810      0.979   1.48E+07 
            ?-?-?     23.684     24.816      0.977   5.15E+06 
            ?-?-?     22.909     24.824      0.977   8.03E+06 
            ?-?-?     21.102     24.821      0.977   4.54E+06 
            ?-?-?     26.510     27.429      1.018   6.07E+06 
            ?-?-?     25.612     27.447      1.017   3.97E+06 
            ?-?-?     24.822     27.460      1.018   9.11E+06 
            ?-?-?     23.613     27.438      1.017   5.50E+06 
            ?-?-?     21.179     27.461      1.017   3.01E+06 
            ?-?-?     23.777     21.196      0.742   3.10E+06 
            ?-?-?     23.132     25.404      0.532   6.42E+06 
            ?-?-?     23.146     22.747      0.566   2.03E+07 
            ?-?-?     22.724     23.055      1.044   2.29E+07 
            ?-?-?     23.594     21.265      0.111   2.43E+06 
            ?-?-?     22.893     27.480      1.018   2.42E+06 
            ?-?-?     24.179     13.921      0.675   2.81E+06 
            ?-?-?     21.217     13.896      0.680   2.12E+06 
            ?-?-?     22.649     23.651      0.833   9.94E+06 
            ?-?-?     22.636     25.667      0.963   3.16E+06 
            ?-?-?     25.650     10.589      1.037   2.21E+07 
            ?-?-?     25.088     23.775      1.110   3.57E+06 
            ?-?-?     22.643     26.574      0.930   4.57E+06 
            ?-?-?     14.031     26.574      0.930   2.41E+06 
            ?-?-?     21.209     22.636      0.809   1.84E+06 
            ?-?-?     23.514     23.130      1.077   1.65E+07 
            ?-?-?     23.142     21.164      0.881   2.89E+06 
            ?-?-?     21.361     21.205      0.881   2.12E+08 
            ?-?-?     21.211     22.874      1.074   1.52E+07 
