      Assignment         w1         w2         w3       Height
            ?-?-?     20.739     22.167      0.911   2.00E+07 
            ?-?-?     22.178     20.739      0.572   1.76E+07 
            ?-?-?     21.599     23.555      0.309   1.45E+07 
            ?-?-?     23.556     21.548      0.779   2.68E+07 
            ?-?-?     27.585     10.980     -0.326   5.55E+06 
            ?-?-?     22.084     27.306      0.900   1.03E+07 
            ?-?-?     27.285     22.076      0.308   1.05E+07 
            ?-?-?     26.754     22.082      0.308   3.29E+06 
            ?-?-?     25.383     22.374      0.092   1.38E+07 
            ?-?-?     26.054     22.370      0.092   8.05E+06 
            ?-?-?     22.381     25.379      0.898   1.34E+07 
            ?-?-?     26.037     21.963      0.639   1.46E+07 
            ?-?-?     21.941     26.017      0.839   9.86E+06 
            ?-?-?     27.148     24.017      0.685   1.44E+07 
            ?-?-?     25.587     24.030      0.685   6.68E+06 
            ?-?-?     26.065     27.140      0.224   7.42E+06 
            ?-?-?     24.004     27.151      0.223   1.19E+07 
            ?-?-?     26.475     22.692      0.476   2.19E+07 
            ?-?-?     22.689     26.477      0.841   2.27E+07 
            ?-?-?     27.437     22.992      0.378   1.71E+07 
            ?-?-?     22.980     27.441      0.916   1.37E+07 
            ?-?-?     22.765     24.776      0.839   1.42E+07 
            ?-?-?     26.392     24.781      0.839   6.56E+06 
            ?-?-?     24.790     22.758      0.937   1.14E+07 
            ?-?-?     25.627     23.256      0.981   2.30E+07 
            ?-?-?     23.259     25.630      0.846   1.98E+07 
            ?-?-?     25.213     23.101      0.898   1.53E+07 
            ?-?-?     23.112     25.214      0.959   1.78E+07 
            ?-?-?     26.504     23.213      0.913   1.70E+07 
            ?-?-?     23.206     26.496      0.856   1.81E+07 
            ?-?-?     25.176     23.337      0.950   2.99E+07 
            ?-?-?     23.336     25.174      0.967   2.29E+07 
            ?-?-?     23.308     25.047      1.002   2.72E+07 
            ?-?-?     25.032     23.317      1.036   2.88E+07 
            ?-?-?     23.554     21.511      0.781   2.68E+07 
            ?-?-?     21.497     23.539      0.971   1.55E+07 
            ?-?-?     26.673     24.390      1.064   1.05E+07 
            ?-?-?     24.405     26.668      1.031   8.99E+06 
            ?-?-?     21.509     24.401      1.064   6.63E+06 
            ?-?-?     27.095     24.567      0.927   1.33E+07 
            ?-?-?     24.815     23.666      0.917   2.58E+07 
            ?-?-?     24.158     26.805      0.863   1.23E+07 
            ?-?-?     26.793     24.151      1.055   1.05E+07 
            ?-?-?     25.403     22.131      0.774   8.42E+06 
            ?-?-?     22.149     25.388      0.741   7.15E+06 
            ?-?-?     24.118     26.408      0.890   1.03E+07 
            ?-?-?     26.383     24.109      0.956   1.32E+07 
            ?-?-?     23.663     27.613      1.014   1.14E+07 
            ?-?-?     27.612     23.672      1.237   1.18E+07 
            ?-?-?     25.169     26.769      1.375   9.37E+06 
            ?-?-?     26.759     25.233      1.310   8.07E+06 
            ?-?-?     24.458     26.071      0.714   1.40E+07 
            ?-?-?     22.382     26.079      0.714   5.52E+06 
            ?-?-?     27.148     26.079      0.715   8.19E+06 
            ?-?-?     26.069     24.452      0.720   1.44E+07 
            ?-?-?     27.580     23.785      0.786   1.21E+07 
            ?-?-?     23.805     27.580      0.819   1.08E+07 
            ?-?-?     22.175     23.792      0.785   7.04E+06 
            ?-?-?     24.037      9.120      0.755   3.68E+06 
            ?-?-?     27.582      9.116      0.755   6.09E+06 
            ?-?-?     21.738     25.587      0.838   1.21E+07 
            ?-?-?     24.002     25.591      0.839   8.27E+06 
            ?-?-?     25.582     21.732      0.797   9.97E+06 
            ?-?-?     24.993     23.930      0.887   1.42E+07 
            ?-?-?     20.745     23.956      0.887   5.71E+06 
            ?-?-?     24.904     23.557      0.876   9.73E+06 
            ?-?-?     25.001     23.557      0.870   9.73E+06 
            ?-?-?     24.944     24.922      1.219   2.29E+08 
            ?-?-?     25.018     24.948      1.154   3.43E+08 
            ?-?-?     27.292     24.939      1.153   7.00E+06 
            ?-?-?     27.089      8.019      0.478   9.81E+06 
            ?-?-?     26.669      7.916      0.478   6.45E+06 
            ?-?-?     26.702     14.576      0.793   2.98E+06 
            ?-?-?     25.417     14.497      0.793   4.55E+06 
            ?-?-?     24.175     14.550      0.792   6.27E+06 
            ?-?-?     24.339     14.533      0.791   3.74E+06 
            ?-?-?     24.988     13.900      0.680   3.37E+06 
            ?-?-?     23.971     13.867      0.679   3.52E+06 
            ?-?-?     20.728     13.867      0.679   6.88E+06 
            ?-?-?     23.814     10.992     -0.328   2.18E+06 
            ?-?-?     23.561     11.008     -0.328   1.59E+06 
            ?-?-?     21.595     11.011     -0.327   1.69E+06 
            ?-?-?     27.149     12.554     -0.381   4.82E+06 
            ?-?-?     24.024     12.535     -0.379   3.33E+06 
            ?-?-?     21.953     12.566     -0.381   5.19E+06 
            ?-?-?     13.848     20.749      0.572   4.33E+06 
            ?-?-?     24.997     20.712      0.572   3.22E+06 
            ?-?-?     23.961     20.770      0.571   4.66E+06 
            ?-?-?     12.554     21.954      0.640   4.71E+06 
            ?-?-?     24.393     21.500      0.782   5.96E+06 
            ?-?-?     25.415     21.506      0.783   3.95E+06 
            ?-?-?     24.138     22.170      0.773   5.16E+06 
            ?-?-?     24.998     22.142      0.775   3.19E+06 
            ?-?-?     26.817     22.119      0.773   3.83E+06 
            ?-?-?     14.532     22.192      0.776   2.33E+06 
            ?-?-?     26.779     22.949      0.379   2.75E+06 
            ?-?-?     25.160     22.991      0.380   2.63E+06 
            ?-?-?     24.977     22.097      0.310   2.00E+06 
            ?-?-?     24.559     22.104      0.309   1.45E+06 
            ?-?-?     24.432     22.386      0.096   2.66E+06 
            ?-?-?     27.150     22.381      0.093   2.74E+06 
            ?-?-?     12.544     24.037      0.684   3.39E+06 
            ?-?-?     21.734     24.027      0.685   1.74E+06 
            ?-?-?     27.146     24.542      0.725   2.33E+06 
            ?-?-?     22.381     24.481      0.722   2.12E+06 
            ?-?-?     10.974     23.825      0.782   1.94E+06 
            ?-?-?     23.801     22.205      0.911   6.89E+06 
            ?-?-?     13.332     23.653      0.915   3.15E+06 
            ?-?-?     23.627     24.839      0.923   2.99E+07 
            ?-?-?     20.741     25.032      0.920   5.53E+06 
            ?-?-?     23.935     24.933      0.923   1.76E+07 
            ?-?-?     26.810     24.793      0.837   2.33E+06 
            ?-?-?     26.031     25.408      0.900   5.01E+06 
            ?-?-?     21.502     25.396      0.740   4.74E+06 
            ?-?-?     24.396     25.403      0.744   4.77E+06 
            ?-?-?     26.692     25.411      0.739   3.38E+06 
            ?-?-?     14.532     25.408      0.743   4.02E+06 
            ?-?-?     24.988     26.470      0.842   9.28E+06 
            ?-?-?     24.767     26.376      0.888   4.82E+06 
            ?-?-?     24.989     27.300      0.899   9.35E+06 
            ?-?-?     24.576     27.320      0.897   4.11E+06 
            ?-?-?     23.656     27.268      0.900   3.30E+06 
            ?-?-?     25.251     27.369      0.911   4.31E+06 
            ?-?-?     10.988     27.575      0.819   2.66E+06 
            ?-?-?      9.121     27.555      0.819   3.76E+06 
            ?-?-?     24.952     27.637      1.014   3.79E+06 
            ?-?-?      8.001     26.656      1.030   4.33E+06 
            ?-?-?     25.407     26.653      1.032   2.99E+06 
            ?-?-?     26.473     24.963      1.152   5.72E+06 
            ?-?-?     27.589     24.919      1.156   2.71E+06 
            ?-?-?     27.307     25.107      1.219   4.38E+06 
            ?-?-?     23.008     26.783      1.376   2.84E+06 
            ?-?-?     22.085     26.770      1.380   2.88E+06 
            ?-?-?     26.094     26.767      1.378   3.39E+06 
            ?-?-?     24.573     27.088      0.587   1.33E+07 
            ?-?-?      8.009     27.093      0.586   6.59E+06 
            ?-?-?     26.680     27.080      0.588   1.14E+07 
            ?-?-?     27.092     26.706      1.033   9.75E+06 
            ?-?-?     12.542     27.146      0.223   3.33E+06 
            ?-?-?     22.379     27.137      0.222   2.46E+06 
            ?-?-?     24.465     27.139      0.224   2.19E+06 
            ?-?-?     25.393      8.028      0.479   2.41E+06 
            ?-?-?     24.999      8.020      0.477   2.63E+06 
            ?-?-?     23.998      8.074      0.481   1.98E+06 
            ?-?-?     23.976     27.590      0.819   4.94E+06 
            ?-?-?     14.530     24.226      1.055   5.55E+06 
            ?-?-?     23.556     25.011      0.930   1.26E+07 
            ?-?-?     24.866     23.722      0.876   9.46E+06 
