      Assignment         w1         w2       height
  LX266S     26.761      1.376   5.43E+07 
  LX266R     25.171      1.310   4.70E+07 
  LX237R     23.667      1.237   5.13E+07 
  LX241R     25.003      1.219   7.28E+07 
  LX241S     24.947      1.154   5.92E+07 
  LX296R     24.397      1.064   4.74E+07 
  LX246S     24.162      1.053   4.98E+07 
  LX22R     23.317      1.036   1.15E+08 
  LX296S     26.676      1.031   4.83E+07 
  LX237S     27.611      1.014   5.71E+07 
  LX22S     25.030      1.001   1.24E+08 
  LX216S     23.257      0.982   1.02E+08 
  VX181S     23.554      0.971   7.20E+07 
  LX18R      25.197      0.967   2.51E+08 
  LX222R     24.112      0.955   6.03E+07 
  LX18S     23.341      0.950   1.30E+08 
  LX248S     22.763      0.937   7.27E+07 
  LX174R     25.015      0.929   2.89E+08 
  LX302R     24.839      0.923   3.36E+08 
  LX188R     24.576      0.923   6.49E+07 
  LX291R     27.430      0.915   6.24E+07 
  LX302S     23.627      0.919   1.23E+08 
  LX184S     23.199      0.912   1.13E+08 
  VX206S     22.178      0.911   7.24E+07 
  LX244R     27.294      0.900   5.53E+07 
  LX275S     25.392      0.900   7.03E+07 
  LX306S     23.105      0.899   1.78E+08 
  LX222S     26.387      0.889   7.70E+07 
  LX225R     23.968      0.887   7.14E+07 
  LX140S     23.717      0.875   2.62E+08 
  LX246R     26.815      0.862   4.23E+07 
  LX174S     23.554      0.870   2.24E+08 
  LX184R     26.498      0.855   1.31E+08 
  LX216R     25.625      0.846   1.15E+08 
  LX279R     26.033      0.838   6.62E+07 
  LX248R     24.790      0.837   5.99E+07 
  LX229R     27.578      0.819   5.86E+07 
  LX258S     21.738      0.797   6.73E+07 
  LX229S     23.802      0.786   6.29E+07 
  VX189R     21.582      0.775   7.65E+07 
  LX212S     22.143      0.773   4.66E+07 
  LX212R     25.398      0.741   5.32E+07 
  LX264S     24.456      0.720   8.20E+07 
  LX264R     26.072      0.714   7.59E+07 
  LX278R     24.011      0.685   4.97E+07 
  LX279S     21.957      0.640   5.08E+07 
  LX188S     27.083      0.587   6.75E+07 
  VX206R     20.737      0.571   7.05E+07 
  LX289S     22.690      0.476   9.80E+07 
  LX291S     22.986      0.378   7.10E+07 
  VX189S     23.564      0.308   4.74E+07 
  LX244S     22.086      0.308   5.19E+07 
  LX278S     27.145      0.223   5.63E+07 
  LX275R     22.385      0.092   5.68E+07 
  LX258R     25.606      0.839   1.01E+08 
  LX289R     26.473      0.841   1.28E+08 
  LX306R     25.202      0.957   2.51E+08 
  LX140R     24.840      0.918   2.80E+08 
  IX186     11.911      0.943   1.15E+08 
  IX305     13.334      0.903   1.64E+08 
  IX170     12.784      0.885   2.09E+08 
  IX300     14.531      0.792   6.17E+07 
  IX226      9.127      0.756   5.84E+07 
  IX211     13.862      0.679   6.91E+07 
  IX242      8.011      0.477   5.79E+07 
  IX201     10.992     -0.328   9.60E+07 
  IX282     12.554     -0.383   6.01E+07 
  VX181R     21.511      0.782   6.49E+07 
  LX225S     24.983      0.921   1.39E+08 
