      Assignment         w1         w2         w3       Height
            ?-?-?     27.086      8.013      0.479   2.03E+07 
            ?-?-?     25.395      8.017      0.479   6.64E+06 
            ?-?-?     24.984      8.004      0.478   9.51E+06 
            ?-?-?     23.987      7.972      0.479   9.93E+06 
            ?-?-?     23.573      8.021      0.478   4.69E+06 
            ?-?-?     22.135      8.046      0.479   6.30E+06 
            ?-?-?     26.674      7.916      0.478   1.54E+07 
            ?-?-?     10.972      9.149      0.756   4.95E+06 
            ?-?-?     27.571      9.111      0.757   1.85E+07 
            ?-?-?     24.961      9.122      0.758   8.37E+06 
            ?-?-?     23.969      9.126      0.756   1.60E+07 
            ?-?-?     23.567     11.948      0.947   8.94E+06 
            ?-?-?     21.596     23.559      0.309   2.65E+07 
            ?-?-?     11.925     23.561      0.309   4.28E+06 
            ?-?-?     10.992     23.550      0.309   4.44E+06 
            ?-?-?     26.061     27.149      0.224   1.32E+07 
            ?-?-?     25.562     27.157      0.225   4.35E+06 
            ?-?-?     24.444     27.140      0.226   6.55E+06 
            ?-?-?     24.005     27.145      0.224   1.99E+07 
            ?-?-?     22.384     27.161      0.225   6.92E+06 
            ?-?-?     21.941     27.115      0.224   3.84E+06 
            ?-?-?     12.538     27.135      0.225   6.82E+06 
            ?-?-?     23.636     13.338      0.904   1.39E+07 
            ?-?-?     24.983     13.883      0.679   1.44E+07 
            ?-?-?     23.965     13.851      0.680   1.58E+07 
            ?-?-?     22.169     13.879      0.680   1.06E+07 
            ?-?-?     20.741     13.870      0.679   2.17E+07 
            ?-?-?     26.501     23.207      0.914   5.06E+07 
            ?-?-?     26.748     25.147      1.310   1.18E+07 
            ?-?-?     26.055     25.160      1.309   5.54E+06 
            ?-?-?     23.798     10.971     -0.326   1.32E+07 
            ?-?-?     21.590     10.982     -0.326   9.07E+06 
            ?-?-?     27.581     10.984     -0.326   1.85E+07 
            ?-?-?      9.107     10.998     -0.327   5.64E+06 
            ?-?-?     23.552     10.945     -0.326   8.88E+06 
            ?-?-?     27.156     12.540     -0.382   1.04E+07 
            ?-?-?     26.050     12.540     -0.383   6.01E+06 
            ?-?-?     23.995     12.542     -0.382   9.39E+06 
            ?-?-?     21.936     12.557     -0.382   1.33E+07 
            ?-?-?     26.677     14.538      0.791   8.93E+06 
            ?-?-?     25.378     14.529      0.793   1.24E+07 
            ?-?-?     24.159     14.559      0.792   1.50E+07 
            ?-?-?     23.541     14.543      0.791   5.74E+06 
            ?-?-?     22.126     14.520      0.793   7.12E+06 
            ?-?-?     21.521     14.508      0.792   4.44E+06 
            ?-?-?     24.394     14.555      0.792   1.19E+07 
            ?-?-?     14.536     21.501      0.782   4.34E+06 
            ?-?-?     23.559     21.540      0.780   4.79E+07 
            ?-?-?     24.400     21.491      0.784   9.14E+06 
            ?-?-?     25.426     21.494      0.783   1.13E+07 
            ?-?-?     10.983     21.607      0.777   5.18E+06 
            ?-?-?     24.996     20.730      0.572   8.33E+06 
            ?-?-?     23.971     20.735      0.571   1.40E+07 
            ?-?-?     22.174     20.736      0.571   3.90E+07 
            ?-?-?     13.864     20.737      0.571   1.47E+07 
            ?-?-?     20.722     22.169      0.912   3.76E+07 
            ?-?-?     23.801     22.158      0.912   1.61E+07 
            ?-?-?     13.851     22.181      0.913   5.85E+06 
            ?-?-?     21.496     23.557      0.971   2.58E+07 
            ?-?-?     24.363     23.634      0.970   7.47E+06 
            ?-?-?     26.499     23.561      0.970   6.61E+06 
            ?-?-?     23.560     24.366      1.063   9.26E+06 
            ?-?-?     26.651     24.357      1.063   2.28E+07 
            ?-?-?     25.385     24.398      1.063   6.72E+06 
            ?-?-?     21.501     24.390      1.065   9.57E+06 
            ?-?-?     14.519     24.398      1.063   8.69E+06 
            ?-?-?     25.571     21.723      0.797   2.72E+07 
            ?-?-?     21.732     25.596      0.838   2.74E+07 
            ?-?-?     14.521     22.139      0.774   7.66E+06 
            ?-?-?     26.774     22.088      0.774   6.89E+06 
            ?-?-?     25.390     22.154      0.774   1.80E+07 
            ?-?-?     24.166     22.158      0.774   1.39E+07 
            ?-?-?      8.038     22.142      0.773   3.60E+06 
            ?-?-?      8.011     25.398      0.742   5.27E+06 
            ?-?-?     14.531     25.402      0.741   9.58E+06 
            ?-?-?     22.136     25.402      0.741   1.54E+07 
            ?-?-?     21.523     25.409      0.741   9.11E+06 
            ?-?-?     24.374     25.383      0.742   6.88E+06 
            ?-?-?     12.547     21.952      0.640   1.11E+07 
            ?-?-?     26.031     21.955      0.640   2.95E+07 
            ?-?-?     21.950     25.984      0.840   2.04E+07 
            ?-?-?     26.068     22.421      0.093   1.73E+07 
            ?-?-?     25.382     22.374      0.093   2.84E+07 
            ?-?-?     24.460     22.372      0.093   7.97E+06 
            ?-?-?     27.144     22.381      0.094   7.54E+06 
            ?-?-?     21.947     22.372      0.093   7.31E+06 
            ?-?-?     22.352     21.970      0.641   8.47E+06 
            ?-?-?     22.385     25.394      0.899   2.55E+07 
            ?-?-?     26.035     25.422      0.900   1.02E+07 
            ?-?-?     27.268     22.076      0.308   1.85E+07 
            ?-?-?     26.763     22.048      0.308   7.42E+06 
            ?-?-?     25.009     22.076      0.307   9.38E+06 
            ?-?-?     24.563     22.081      0.308   5.07E+06 
            ?-?-?     23.648     22.094      0.309   4.07E+06 
            ?-?-?     22.091     27.286      0.900   1.89E+07 
            ?-?-?     24.987     27.301      0.900   2.04E+07 
            ?-?-?     26.743     27.273      0.901   6.56E+06 
            ?-?-?     24.549     27.264      0.902   9.05E+06 
            ?-?-?     26.476     22.679      0.476   5.99E+07 
            ?-?-?     24.979     22.693      0.476   8.31E+06 
            ?-?-?     22.687     26.472      0.843   5.36E+07 
            ?-?-?     24.970     26.482      0.844   2.57E+07 
            ?-?-?     27.438     22.979      0.377   2.95E+07 
            ?-?-?     26.763     22.961      0.377   6.94E+06 
            ?-?-?     25.171     22.984      0.377   7.34E+06 
            ?-?-?     22.978     27.452      0.916   2.57E+07 
            ?-?-?     27.148     24.011      0.686   2.20E+07 
            ?-?-?     26.068     24.028      0.687   5.53E+06 
            ?-?-?     25.578     24.023      0.686   1.31E+07 
            ?-?-?     21.762     24.032      0.687   7.96E+06 
            ?-?-?     12.545     24.029      0.686   8.40E+06 
            ?-?-?     22.174     23.795      0.787   1.75E+07 
            ?-?-?     20.733     23.802      0.787   6.18E+06 
            ?-?-?     27.581     23.789      0.787   2.51E+07 
            ?-?-?     10.969     23.830      0.787   7.01E+06 
            ?-?-?     10.994     27.578      0.819   1.08E+07 
            ?-?-?     23.819     27.573      0.819   2.88E+07 
            ?-?-?      9.120     27.577      0.819   1.10E+07 
            ?-?-?     27.280     24.954      1.155   1.33E+07 
            ?-?-?     27.578     24.952      1.155   7.94E+06 
            ?-?-?     26.479     24.946      1.155   1.60E+07 
            ?-?-?     24.957     27.550      0.819   5.01E+06 
            ?-?-?     26.478     25.031      1.221   1.09E+07 
            ?-?-?     27.295     25.031      1.222   1.26E+07 
            ?-?-?     25.000     23.550      0.870   5.47E+07 
            ?-?-?     26.386     24.105      0.957   2.37E+07 
            ?-?-?     24.763     26.445      0.891   1.27E+07 
            ?-?-?     24.119     26.398      0.890   2.26E+07 
            ?-?-?     25.207     23.090      0.900   8.57E+07 
            ?-?-?     23.082     25.192      0.958   9.96E+07 
            ?-?-?     23.351     25.192      0.968   8.49E+07 
            ?-?-?     25.176     23.334      0.951   9.51E+07 
            ?-?-?     25.636     23.245      0.983   6.74E+07 
            ?-?-?     23.245     25.633      0.846   6.10E+07 
            ?-?-?     25.036     23.303      1.037   1.02E+08 
            ?-?-?     14.518     24.164      1.054   1.40E+07 
            ?-?-?     22.151     24.198      1.056   9.22E+06 
            ?-?-?     26.820     24.164      1.054   2.10E+07 
            ?-?-?     24.145     26.767      0.864   1.99E+07 
            ?-?-?     27.599     23.673      1.239   1.80E+07 
            ?-?-?     24.980     27.639      1.015   9.16E+06 
            ?-?-?     23.668     27.603      1.015   1.83E+07 
            ?-?-?     25.184     26.773      1.376   1.52E+07 
            ?-?-?     26.077     26.796      1.376   6.00E+06 
            ?-?-?     22.088     26.783      1.376   5.71E+06 
            ?-?-?     22.967     26.745      1.376   6.15E+06 
            ?-?-?     22.946     25.184      1.310   4.28E+06 
            ?-?-?     25.173     26.081      0.716   8.69E+06 
            ?-?-?     24.450     26.071      0.715   3.40E+07 
            ?-?-?     22.372     26.066      0.715   1.11E+07 
            ?-?-?     27.151     26.075      0.715   1.48E+07 
            ?-?-?     26.762     26.073      0.714   7.09E+06 
            ?-?-?     22.389     24.415      0.721   8.78E+06 
            ?-?-?     25.180     24.432      0.722   8.34E+06 
            ?-?-?     27.164     24.424      0.721   7.63E+06 
            ?-?-?     26.064     24.445      0.721   3.78E+07 
            ?-?-?     23.201     26.497      0.856   4.24E+07 
            ?-?-?     24.559     27.083      0.587   2.40E+07 
            ?-?-?     26.672     27.091      0.587   1.31E+07 
            ?-?-?      8.005     27.099      0.587   1.43E+07 
            ?-?-?     27.122     24.566      0.928   2.48E+07 
            ?-?-?     25.393     26.662      1.031   5.96E+06 
            ?-?-?     24.420     26.670      1.032   1.51E+07 
            ?-?-?     27.048     26.678      1.032   1.08E+07 
            ?-?-?      8.004     26.663      1.031   9.37E+06 
            ?-?-?     14.538     26.664      1.032   4.89E+06 
            ?-?-?     22.172     23.981      0.888   8.67E+06 
            ?-?-?     20.734     23.926      0.886   1.17E+07 
            ?-?-?     13.868     23.941      0.887   1.05E+07 
            ?-?-?     27.569     23.971      0.887   9.84E+06 
            ?-?-?     24.961     23.959      0.887   4.55E+07 
            ?-?-?     23.974     27.586      0.819   1.71E+07 
            ?-?-?      8.007     23.570      0.310   3.19E+06 
            ?-?-?      8.049     14.491      0.793   2.57E+06 
            ?-?-?     14.507      8.021      0.478   2.15E+06 
            ?-?-?     24.787     22.758      0.938   3.17E+07 
            ?-?-?     22.754     24.780      0.839   3.26E+07 
            ?-?-?     24.114     24.774      0.841   8.38E+06 
            ?-?-?     26.798     24.759      0.840   6.18E+06 
            ?-?-?     26.396     24.789      0.840   1.19E+07 
            ?-?-?     26.822     24.098      0.957   9.28E+06 
            ?-?-?     24.770     26.809      0.863   7.13E+06 
            ?-?-?     23.568     26.509      0.854   6.03E+06 
            ?-?-?     22.059     24.952      1.154   5.91E+06 
            ?-?-?     23.992     25.601      0.839   1.41E+07 
            ?-?-?     23.995     21.748      0.797   6.81E+06 
            ?-?-?     27.145     25.626      0.839   4.91E+06 
            ?-?-?     27.439     26.783      1.376   4.75E+06 
            ?-?-?     25.135     27.290      0.901   7.22E+06 
            ?-?-?     27.149     21.881      0.641   3.56E+06 
            ?-?-?     21.592     11.910      0.945   9.44E+06 
            ?-?-?     24.845     23.725      0.876   5.51E+07 
            ?-?-?     12.521     25.673      0.837   4.15E+06 
            ?-?-?     25.579     12.578     -0.383   3.49E+06 
            ?-?-?      8.010     24.370      1.064   2.92E+06 
            ?-?-?     24.165     25.389      0.743   6.68E+06 
            ?-?-?     26.670     25.379      0.742   6.71E+06 
            ?-?-?     20.689     27.646      0.819   2.61E+06 
            ?-?-?     27.599     20.691      0.570   2.07E+06 
            ?-?-?      9.134     23.881      0.784   3.14E+06 
            ?-?-?      9.132      8.000      0.479   1.41E+06 
            ?-?-?     24.810     23.605      0.920   8.77E+07 
            ?-?-?     13.344     23.606      0.917   9.60E+06 
            ?-?-?      8.007     24.961      0.922   6.71E+06 
            ?-?-?     23.893     25.171      0.895   3.59E+06 
            ?-?-?     23.975     25.017      0.922   3.34E+07 
            ?-?-?     27.551     24.963      0.922   5.53E+06 
            ?-?-?      7.985     23.977      0.888   5.68E+06 
            ?-?-?      9.135     23.976      0.887   7.07E+06 
            ?-?-?     20.728     25.017      0.922   1.04E+07 
            ?-?-?      8.002      9.135      0.757   3.37E+06 
            ?-?-?      9.128     24.960      0.922   1.95E+06 
            ?-?-?     13.857     24.938      0.921   1.13E+07 
            ?-?-?     12.503     26.039      0.838   2.89E+06 
            ?-?-?     14.526     23.621      0.972   2.74E+06 
            ?-?-?     24.497     26.748      1.376   3.79E+06 
            ?-?-?     22.080     24.576      0.925   4.96E+06 
            ?-?-?     27.265     23.662      1.238   5.89E+06 
            ?-?-?     22.058     23.651      1.238   3.53E+06 
            ?-?-?     22.680     24.951      1.155   4.10E+06 
            ?-?-?     24.011     24.448      0.721   5.74E+06 
            ?-?-?     23.805     20.737      0.571   1.13E+07 
            ?-?-?     24.463     25.145      1.309   4.20E+06 
            ?-?-?     27.442     25.180      1.313   3.56E+06 
            ?-?-?     26.792     24.406      0.720   4.92E+06 
            ?-?-?     25.180     27.431      0.915   6.16E+06 
            ?-?-?     23.562     27.073      0.588   3.86E+06 
            ?-?-?     27.088     23.565      0.307   4.23E+06 
            ?-?-?     25.402     24.166      1.056   6.95E+06 
            ?-?-?     13.873     22.165      0.777   2.14E+06 
            ?-?-?     25.387     26.032      0.838   1.01E+07 
            ?-?-?     24.789     24.133      0.953   2.76E+06 
            ?-?-?     22.164     27.568      0.819   4.65E+06 
            ?-?-?     27.566     22.189      0.911   3.09E+06 
            ?-?-?     25.034     23.615      0.920   2.46E+07 
            ?-?-?     23.627     25.030      0.921   6.32E+07 
            ?-?-?     24.858     13.338      0.904   4.79E+06 
            ?-?-?     25.038     13.338      0.903   4.85E+06 
            ?-?-?     23.192     11.928      0.947   4.70E+06 
            ?-?-?     22.144     26.803      0.860   6.31E+06 
            ?-?-?     25.377     24.432      0.722   8.12E+06 
            ?-?-?     25.389     26.081      0.716   6.92E+06 
            ?-?-?     25.018     22.147      0.775   7.42E+06 
            ?-?-?     22.136     24.993      0.922   9.95E+06 
            ?-?-?     23.625     24.843      0.921   1.28E+08 
            ?-?-?     23.556     25.011      0.930   6.70E+07 
            ?-?-?     24.438     24.001      0.687   6.16E+06 
            ?-?-?     23.303     25.041      1.002   1.06E+08 
            ?-?-?     12.564     22.400      0.093   1.83E+06 
            ?-?-?     22.397     12.561     -0.379   2.95E+06 
