      Assignment         w1         w2   Data Height

        IX1     12.741      0.738     25569876
        IX7     15.138      0.701     89495808
       VX9?     21.075      0.917     73057656
       VX9?     24.263      0.975     67978016
       AX15     19.898      1.693     29253610
       LX23?     20.724     -0.580     53252764
       LX23?     26.188      0.015     61779576
       VX27?     22.072      0.914     98321952
       VX27?     23.663      0.747     68460672
       IX35     12.899     -0.549     43896432
       VX37?     21.576      0.238     65285924
       VX37?     21.728      0.490     51840620
       LX39?     24.833      0.742     87995288
       LX39?     26.213      0.720     88028808
       LX40?     26.092      0.589     90707104
       LX40?     22.407      0.384     88598464
       IX46     13.691      0.827     68699808
       VX49?     22.558      1.088    138075600
       VX49?     21.440      1.020    136394560
       LX54?     25.907      0.870     43711500
       LX54?     24.270      1.075     28654532
       LX64?     25.941      1.056    106436224
       LX64?     25.670      0.982    112952600
       LX65?     23.939      1.042     28954482
       LX65?     25.954      0.776     57503048
         AX79     24.178      1.190     23754802
       VX82?     21.646      0.587     64221508
       VX82?     23.263      0.796     68596616
       VX85?     20.781      0.860     80912704
       VX85?     19.701      0.576     17551372
       LX87?     26.682      0.949     59118104
       LX87?     23.283      0.960     97472224
       IX92     12.886      0.722    188084448
       VX93?     21.567      1.030    119850128
       VX93?     21.906      0.911     93176448
