      Assignment         w1         w2         w3   Data Height 

            ?-?-?     15.115     21.891      0.911     24430300 
            ?-?-?     12.897     12.893     -0.549     52167820 
            ?-?-?     15.190     12.888     -0.551      6906253 
            ?-?-?     21.664     12.906     -0.549     26102630 
            ?-?-?     22.057     12.905     -0.548     12145889 
            ?-?-?     23.276     12.906     -0.547     11506862 
            ?-?-?     23.662     12.907     -0.548     20073950 
            ?-?-?     26.691     12.902     -0.547      4930942 
            ?-?-?     25.693     12.894     -0.550      7645361 
            ?-?-?     25.930     12.913     -0.549      8585441 
            ?-?-?     12.918     15.142      0.701      6321265 
            ?-?-?     15.138     15.138      0.701    120929064 
            ?-?-?     21.631     15.143      0.701     37480224 
            ?-?-?     21.892     15.143      0.702     35922520 
            ?-?-?     23.268     15.138      0.701     33564560 
            ?-?-?     23.639     15.152      0.703      9894993 
            ?-?-?     24.275     15.140      0.703      6842326 
            ?-?-?     26.697     15.132      0.700      8624022 
            ?-?-?     26.178     21.096      0.920     11835092 
            ?-?-?     24.802     21.100      0.924      7109296 
            ?-?-?     24.258     21.085      0.918     26079902 
            ?-?-?     21.893     21.091      0.913      5060539 
            ?-?-?     21.525     21.103      0.912     11987009 
            ?-?-?     21.099     21.112      0.917     72032216 
            ?-?-?     20.803     21.109      0.917     18442344 
            ?-?-?     26.189     24.251      0.980      6453789 
            ?-?-?     24.786     24.247      0.977      7444190 
            ?-?-?     24.265     24.260      0.975     49518176 
            ?-?-?     21.892     24.254      0.975     15929701 
            ?-?-?     21.564     24.265      0.975     30215456 
            ?-?-?     21.082     24.258      0.974     28326826 
            ?-?-?     20.714     24.244      0.974      7391836 
            ?-?-?     19.904     19.910      1.693     43834076 
            ?-?-?     13.669     20.722     -0.582      2426448 
            ?-?-?     26.193     20.730     -0.580     33933536 
            ?-?-?     24.834     20.730     -0.579      7324159 
            ?-?-?     24.267     20.723     -0.578      6224407 
            ?-?-?     21.047     20.731     -0.580     22493106 
            ?-?-?     20.726     20.730     -0.580     66238044 
            ?-?-?     13.698     26.181      0.013      5909818 
            ?-?-?     22.545     26.172      0.017      4388050 
            ?-?-?     21.488     26.206      0.018      5030864 
            ?-?-?     21.056     26.196      0.017      9782170 
            ?-?-?     20.731     26.198      0.016     22689506 
            ?-?-?     26.193     26.198      0.016     52437076 
            ?-?-?     24.833     26.191      0.016     10679851 
            ?-?-?     24.273     26.206      0.015      3750318 
            ?-?-?     22.540     20.738     -0.578      1826679 
            ?-?-?     25.922     23.649      0.748      8681807 
            ?-?-?     25.714     23.644      0.747      8619340 
            ?-?-?     23.662     23.660      0.747     90725888 
            ?-?-?     23.293     23.659      0.748     20740856 
            ?-?-?     22.066     23.657      0.746     38769672 
            ?-?-?     21.655     23.657      0.747     29117018 
            ?-?-?     15.182     23.638      0.748      9847388 
            ?-?-?     12.908     23.663      0.745     17489490 
            ?-?-?     12.889     21.579      0.237      3419978 
            ?-?-?     15.167     21.583      0.240      2677383 
            ?-?-?     21.616     21.590      0.237     93645904 
            ?-?-?     22.047     21.584      0.238     19343996 
            ?-?-?     22.537     21.594      0.237      7799475 
            ?-?-?     23.266     21.587      0.238     16011309 
            ?-?-?     23.645     21.576      0.239      6622501 
            ?-?-?     24.267     21.581      0.238      2954715 
            ?-?-?     24.821     21.597      0.238      9794653 
            ?-?-?     26.168     21.588      0.238      9477109 
            ?-?-?     25.678     21.578      0.238      5825244 
            ?-?-?     25.646     21.734      0.490      8381942 
            ?-?-?     25.937     21.737      0.492     11813746 
            ?-?-?     24.829     21.746      0.486      3510903 
            ?-?-?     24.226     12.886     -0.551      2512866 
            ?-?-?     24.258     21.728      0.491      2393088 
            ?-?-?     23.658     21.739      0.490     10200331 
            ?-?-?     23.274     21.738      0.490     17066812 
            ?-?-?     22.045     21.737      0.490     24271888 
            ?-?-?     21.674     21.737      0.490     88286104 
            ?-?-?     15.189     21.738      0.488      4539112 
            ?-?-?     12.913     21.736      0.488      8276948 
            ?-?-?     24.252     21.582      1.033     25424748 
            ?-?-?     23.264     21.597      1.038      5162644 
            ?-?-?     21.928     21.547      1.030     50724528 
            ?-?-?     21.521     21.516      1.030    312161664 
            ?-?-?     15.165     21.582      1.033      9533414 
            ?-?-?     25.928     22.092      0.915     15475629 
            ?-?-?     25.685     22.087      0.916     13521858 
            ?-?-?     23.663     22.075      0.915     33702960 
            ?-?-?     23.240     22.109      0.914     19342152 
            ?-?-?     22.053     22.047      0.914    142814640 
            ?-?-?     21.615     22.078      0.914     48498560 
            ?-?-?     15.115     22.078      0.914     10100532 
            ?-?-?     12.928     22.058      0.912     10224900 
            ?-?-?     13.700     24.841      0.743     10553982 
            ?-?-?     26.201     24.839      0.743     70233192 
            ?-?-?     24.827     24.839      0.743    157565040 
            ?-?-?     24.261     24.835      0.743     14393071 
            ?-?-?     22.534     24.839      0.741     22836104 
            ?-?-?     21.511     24.842      0.741     29705294 
            ?-?-?     20.741     24.842      0.744      9210506 
            ?-?-?     21.058     24.851      0.742     11811739 
            ?-?-?     13.707     26.213      0.722     11482596 
            ?-?-?     26.212     26.222      0.720    142569936 
            ?-?-?     24.825     26.226      0.720     40076624 
            ?-?-?     24.221     26.224      0.718      4240807 
            ?-?-?     22.555     26.221      0.720     37122712 
            ?-?-?     21.459     26.227      0.721     33673976 
            ?-?-?     20.737     26.258      0.724      6201888 
            ?-?-?     12.900     26.102      0.589     27921822 
            ?-?-?     22.407     26.104      0.589     55889788 
            ?-?-?     21.632     26.092      0.588      6142722 
            ?-?-?     24.206     26.104      0.589      9762538 
            ?-?-?     26.094     26.102      0.589    146980080 
            ?-?-?     12.902     22.401      0.383      8245318 
            ?-?-?     13.715     22.385      0.383      5403794 
            ?-?-?     22.406     22.402      0.384    121953016 
            ?-?-?     21.528     22.404      0.383      5653166 
            ?-?-?     24.235     22.393      0.386      4442202 
            ?-?-?     24.825     22.391      0.387      5184729 
            ?-?-?     26.099     22.402      0.384     53201540 
            ?-?-?     13.696     13.704      0.827     93483320 
            ?-?-?     26.188     13.708      0.828     28328170 
            ?-?-?     24.823     13.703      0.827     10349366 
            ?-?-?     22.512     13.697      0.827     14646789 
            ?-?-?     21.454     13.701      0.827     14768125 
            ?-?-?     26.208     22.559      1.089     31950114 
            ?-?-?     24.825     22.558      1.090     12080302 
            ?-?-?     22.558     22.561      1.089    237243136 
            ?-?-?     21.450     22.562      1.088     73026184 
            ?-?-?     13.705     22.575      1.089      7586506 
            ?-?-?     13.691     21.445      1.018     10654747 
            ?-?-?     26.204     21.458      1.020     31484012 
            ?-?-?     24.829     21.447      1.020     11367010 
            ?-?-?     22.556     21.453      1.019     84901616 
            ?-?-?     21.396     21.453      1.020    259875264 
            ?-?-?     25.910     25.903      0.871     96393768 
            ?-?-?     24.257     25.905      0.871     20296862 
            ?-?-?     25.909     24.248      1.076     32221390 
            ?-?-?     24.261     24.260      1.075     31582556 
            ?-?-?     12.870     25.955      1.053      5184816 
            ?-?-?     25.932     25.942      1.057    232633040 
            ?-?-?     24.258     25.935      1.057     15090017 
            ?-?-?     23.665     25.951      1.061      9267320 
            ?-?-?     22.066     25.953      1.058     10598842 
            ?-?-?     21.675     25.944      1.057     13101534 
            ?-?-?     25.677     25.670      0.982    328001568 
            ?-?-?     24.269     25.663      0.984     15693799 
            ?-?-?     23.630     25.693      0.981      7460737 
            ?-?-?     21.677     25.681      0.982     13571047 
            ?-?-?     22.080     25.689      0.983     11568301 
            ?-?-?     12.919     25.664      0.981      5376362 
            ?-?-?     25.953     23.950      1.044     22548938 
            ?-?-?     23.941     23.933      1.041     30200386 
            ?-?-?     25.950     25.961      0.776    107300048 
            ?-?-?     23.936     25.968      0.775     20452280 
            ?-?-?     26.101     24.235      1.192     10196327 
            ?-?-?     24.205     24.207      1.192     33101498 
            ?-?-?     12.895     24.210      1.191      4851122 
            ?-?-?     26.701     21.652      0.588     10006556 
            ?-?-?     23.648     21.638      0.588     13973154 
            ?-?-?     23.275     21.640      0.587     31946544 
            ?-?-?     22.028     21.653      0.587     12875866 
            ?-?-?     21.654     21.646      0.587     56462068 
            ?-?-?     15.147     21.648      0.589     11965074 
            ?-?-?     12.919     21.644      0.588     13845935 
            ?-?-?     26.686     23.254      0.797      5824129 
            ?-?-?     23.637     23.267      0.796     17800738 
            ?-?-?     23.267     23.263      0.796     74634808 
            ?-?-?     21.645     23.263      0.796     60228420 
            ?-?-?     22.053     23.266      0.796     24065988 
            ?-?-?     15.158     23.262      0.796     20704574 
            ?-?-?     12.920     23.267      0.794      9357459 
            ?-?-?     20.776     20.772      0.861    199070432 
            ?-?-?     19.706     20.771      0.861     35076348 
            ?-?-?     20.785     19.685      0.575     18531666 
            ?-?-?     19.712     19.704      0.576     13727714 
            ?-?-?     26.688     26.685      0.949     46271740 
            ?-?-?     23.279     26.686      0.949     41767520 
            ?-?-?     21.666     26.668      0.948     13754595 
            ?-?-?     15.144     26.683      0.950      7144498 
            ?-?-?     12.886     26.706      0.945      4889240 
            ?-?-?     15.106     23.293      0.966      5608539 
            ?-?-?     21.661     23.296      0.958      6975399 
            ?-?-?     23.285     23.278      0.960    145056992 
            ?-?-?     26.682     23.279      0.961     37813284 
            ?-?-?     12.885     12.884      0.722   1124176512 
            ?-?-?     21.608     12.902      0.720      8747301 
            ?-?-?     21.879     12.889      0.724      8129201 
            ?-?-?     22.401     12.900      0.721     16194897 
            ?-?-?     24.229     12.891      0.721      9839039 
            ?-?-?     23.269     12.891      0.725      6021321 
            ?-?-?     26.097     12.892      0.722     49168776 
            ?-?-?     24.243     21.941      0.910     16347846 
            ?-?-?     23.271     21.922      0.911     13618435 
            ?-?-?     21.865     21.891      0.911    111616976 
            ?-?-?     21.584     21.859      0.911     75856408 
            ?-?-?     21.076     21.979      0.912      8431231 
            ?-?-?     12.741     12.741      0.738    189574288 
