      Assignment         w1         w2   Data Height

        LX7S     24.494      0.461     57206704
        VX8S     21.086      0.907     54570352
        IX9     14.532      0.364     91509672
       IX11     13.319      0.136    114544136
       LX20S     26.102      0.661     56000652
       VX23S     23.448      1.228     48751376
       IX33     10.280      0.572    121221320
       VX35S     22.517      0.739     38764244
       VX37S     20.654      0.731     49125520
       LX43S     25.982      1.117     42310092
       VX50S     19.945      0.894     62884308
       IX59     13.921      0.734     62987184
       IX60     14.706      0.423    105996016
       LX75S     20.773      0.514     43558524
       LX76S     21.861      0.560     40460360
       IX79     12.254      0.197     93896760
       LX89S     24.985      0.465     61258800
       VX97S     19.462      1.347     26839262
      LX103S     24.125      0.972     39219736
      IX104     14.796      0.841    176737296
      IX108     10.153      0.630     87683024
      VX110S     21.117      0.662     35885916
      LX113S     23.510      0.779     38794220
      LX115S     24.678      0.594     42649520
      IX116     13.854      0.474     88648424
      LX121S     23.030      0.856     58774204
      LX122S     26.810      0.947     51555980
      IX132     12.567      0.582    120454064
      LX135S     24.375      0.891     56581464
      LX139S     22.882      0.779     65831340
      LX147S     27.645      0.961     42175632
        MX148     17.559      2.022    138920064
      LX151S     23.744      0.182     53078316
      LX160S     24.872     -0.312     49058108
      IX161     13.098      0.723    116594632
      IX178     13.809      0.766    110542360
      VX181S     21.413      0.726     33116112
      VX183S     21.099      0.889    109583272
      LX192S     25.411      0.835     57437532
      LX195S     25.471      0.849     62638820
      VX196S     23.325      0.892     36496412
      LX198S     23.391      0.798     54736744
      IX199     14.185      0.738    102942944
        MX204     17.009      2.017    129505376
      IX212     13.182      0.873    117626336
        MX224     17.185      1.843     47701512
      IX226     11.974      0.102    118942296
      IX235     13.887      0.319     11079819
      VX240S     21.824      0.788     20883724
      VX244S     21.715      0.629     51940340
      VX246S     21.628      0.992    115933936
      LX247S     23.899      0.655     42807688
      VX259S     22.728      0.987     42886952
      VX261S     21.170      0.579     44364536
      LX262S     25.693      0.899     47552724
      IX266     14.041      0.924     92210584
      LX275S     22.880      0.956     61875496
      LX280S     23.486      0.700     37233056
      LX284S     27.205      1.011     47660972
      LX285S     24.015      1.075     30259238
      LX290S     21.897      0.768     48297952
      VX293S     22.209      0.914     48488436
      LX299S     22.968      0.759     45065472
      VX302S     19.343      1.110     35202272
      LX304S     25.811      0.668     47098348
      LX311S     23.503      0.924     49741812
      IX317     11.994      1.124    113031000
        MX321     17.170      1.717     66438692
      IX329     12.418      0.808    145104064
        MX330     17.645      2.079     64858236
        MX336     16.976      2.080    135048336
      VX343S     23.028      0.361     46519664
      VX347S     22.777      1.044     45167000
      IX348     12.951      0.853    136142272
      VX357S     22.760      1.011     32212870
      LX361S     23.988      0.759       857020
