      Assignment         w1         w2         w3   Data Height 

            ?-?-?     23.988     23.988      0.759      7354712 
            ?-?-?     24.485     14.518      0.366      1979306 
            ?-?-?     24.518     22.505      0.741      1602279 
            ?-?-?     24.495     13.909      0.732      7274614 
            ?-?-?     21.086     21.086      0.907    698011072 
            ?-?-?     14.494     24.528      0.461      1673669 
            ?-?-?     14.533     14.525      0.362    763656384 
            ?-?-?     14.550     26.104      0.661      4782908 
            ?-?-?     14.536     22.501      0.739      1592504 
            ?-?-?     14.528     20.654      0.731      5524586 
            ?-?-?     13.316     13.306      0.133    908291200 
            ?-?-?     13.325     26.101      0.659     11152609 
            ?-?-?     13.273     25.682      0.897      2133697 
            ?-?-?     26.118     14.532      0.363      6805628 
            ?-?-?     26.112     13.310      0.135      9719114 
            ?-?-?     26.108     26.100      0.660    524333568 
            ?-?-?     26.118     20.632      0.730      1945756 
            ?-?-?     26.102     27.205      1.011      3461888 
            ?-?-?     23.446     23.443      1.228    333169920 
            ?-?-?     23.444     22.205      0.913      6381050 
            ?-?-?     10.276     10.285      0.571   1198436224 
            ?-?-?     10.275     22.891      0.958      2929050 
            ?-?-?     22.552     24.492      0.459      1546382 
            ?-?-?     22.543     14.590      0.358      1614968 
            ?-?-?     22.516     22.506      0.739    340736224 
            ?-?-?     20.664     14.525      0.362      8014997 
            ?-?-?     20.660     26.100      0.661      2359207 
            ?-?-?     20.652     20.664      0.731    430080384 
            ?-?-?     25.988     25.992      1.117    345189024 
            ?-?-?     25.987     14.711      0.425      2782342 
            ?-?-?     19.947     19.951      0.893    647720192 
            ?-?-?     13.932     24.525      0.459      1816870 
            ?-?-?     13.933     14.520      0.362     12922126 
            ?-?-?     13.910     13.898      0.734    472817600 
            ?-?-?     13.900     14.735      0.426      4315335 
            ?-?-?     13.925     23.499      0.698      2971604 
            ?-?-?     14.676     25.975      1.117      1464410 
            ?-?-?     14.704     14.711      0.422    966454784 
            ?-?-?     14.761     21.876      0.559      1489826 
            ?-?-?     20.771     20.764      0.513    384794016 
            ?-?-?     20.796     21.884      0.564      2062900 
            ?-?-?     21.860     21.870      0.559    374881952 
            ?-?-?     12.252     12.251      0.196    893622656 
            ?-?-?     12.258     14.033      0.924     11256604 
            ?-?-?     24.988     24.995      0.465    742115904 
            ?-?-?     24.972     24.006      1.076      3333802 
            ?-?-?     24.985     25.811      0.668      5310730 
            ?-?-?     19.462     19.472      1.347    188703152 
            ?-?-?     19.449     24.125      0.972      3955528 
            ?-?-?     24.125     12.254      0.197      1001103 
            ?-?-?     24.120     19.475      1.348      4495506 
            ?-?-?     24.129     24.124      0.972    361956064 
            ?-?-?     14.793     14.785      0.841   2016271616 
            ?-?-?     10.154     10.157      0.629    864965312 
            ?-?-?     10.153     23.499      0.698      2869231 
            ?-?-?     10.161     27.213      1.012      7348600 
            ?-?-?     10.165     23.998      1.075      6904736 
            ?-?-?     21.121     21.128      0.661    306093376 
            ?-?-?     21.117     22.728      0.987      1330534 
            ?-?-?     21.129     17.163      1.718      2687307 
            ?-?-?     23.510     23.515      0.779    365543264 
            ?-?-?     24.677     24.688      0.593    406340736 
            ?-?-?     24.678     23.899      0.655      2306206 
            ?-?-?     13.855     13.862      0.474    807368896 
            ?-?-?     13.860     21.731      0.631      2749412 
            ?-?-?     23.029     23.039      0.856    610705024 
            ?-?-?     26.806     26.801      0.946    586827264 
            ?-?-?     26.816     24.375      0.890      3509602 
            ?-?-?     26.808     17.166      1.844      4654638 
            ?-?-?     12.565     12.558      0.581   1249101952 
            ?-?-?     12.572     27.664      0.961      7856720 
            ?-?-?     12.566     17.171      1.843     21360656 
            ?-?-?     24.387     26.808      0.948      4473250 
            ?-?-?     24.422     12.555      0.581      1988044 
            ?-?-?     24.374     24.383      0.890    610290944 
            ?-?-?     24.371     17.174      1.844      6656360 
            ?-?-?     22.882     22.882      0.779    678421888 
            ?-?-?     27.648     12.561      0.582     14013198 
            ?-?-?     27.647     27.656      0.961    350524288 
            ?-?-?     27.645     23.391      0.798       654256 
            ?-?-?     27.662     17.002      2.018      6227308 
            ?-?-?     27.635     17.169      1.845      2198419 
            ?-?-?     27.658     11.979      0.102      6517109 
            ?-?-?     17.561     17.569      2.022   1584308992 
            ?-?-?     17.592     13.145      0.874      1554305 
            ?-?-?     23.735     23.730      0.179    478729536 
            ?-?-?     23.744     24.872     -0.312      2113999 
            ?-?-?     23.744     25.471      0.849      3862234 
            ?-?-?     23.744     14.185      0.738      4958156 
            ?-?-?     23.738     17.007      2.020      7280085 
            ?-?-?     24.869     24.866     -0.313    516992064 
            ?-?-?     24.872     25.471      0.849      6597799 
            ?-?-?     13.104     13.112      0.723   1041670528 
            ?-?-?     13.098     25.411      0.835      2358862 
            ?-?-?     13.098     25.471      0.849      2238820 
            ?-?-?     13.098     22.777      1.044     10204349 
            ?-?-?     13.816     13.819      0.765    973103424 
            ?-?-?     21.413     21.413      0.726    248673280 
            ?-?-?     21.413     21.099      0.889     31748356 
            ?-?-?     21.099     21.413      0.726     22950212 
            ?-?-?     21.099     21.099      0.889   1141783296 
            ?-?-?     21.099     23.028      0.361      4275870 
            ?-?-?     25.437     13.116      0.723      5401840 
            ?-?-?     25.411     25.411      0.835    513172480 
            ?-?-?     25.411     22.777      1.044      3719536 
            ?-?-?     25.411     22.760      1.011      2630528 
            ?-?-?     25.468     23.749      0.181      2937526 
            ?-?-?     25.471     24.872     -0.312      4025386 
            ?-?-?     25.471     25.471      0.849    728459648 
            ?-?-?     25.471     23.325      0.892      2125520 
            ?-?-?     25.471     14.185      0.738      3596784 
            ?-?-?     23.325     25.411      0.835      1374240 
            ?-?-?     23.372     25.471      0.849      1728019 
            ?-?-?     23.325     23.325      0.892    282994144 
            ?-?-?     23.391     23.391      0.798    610932736 
            ?-?-?     23.379     17.013      2.014      2362421 
            ?-?-?     14.179     23.713      0.180      2959070 
            ?-?-?     14.185     25.471      0.849      1863125 
            ?-?-?     14.185     23.325      0.892      1625368 
            ?-?-?     14.185     14.185      0.738   1058071424 
            ?-?-?     14.175     17.008      2.017      5825012 
            ?-?-?     16.996     27.658      0.962      3236629 
            ?-?-?     17.006     23.717      0.179      3768046 
            ?-?-?     17.009     23.391      0.798      1511832 
            ?-?-?     17.009     14.185      0.738      5580770 
            ?-?-?     17.005     17.001      2.017   1421808640 
            ?-?-?     13.133     17.552      2.027      2143618 
            ?-?-?     13.183     13.172      0.872   1189007616 
            ?-?-?     17.181     24.658      0.593      1112797 
            ?-?-?     17.185     26.795      0.946      2764773 
            ?-?-?     17.182     12.561      0.581     11542379 
            ?-?-?     17.186     24.379      0.890      3187847 
            ?-?-?     17.184     17.173      1.843    322371424 
            ?-?-?     11.959     24.628      0.594      1184407 
            ?-?-?     11.974     12.567      0.582      8834727 
            ?-?-?     11.962     27.664      0.963      4542302 
            ?-?-?     11.970     11.963      0.100   1199418496 
            ?-?-?     11.979     23.903      0.654      7601082 
            ?-?-?     13.882     13.885      0.318     54140276 
            ?-?-?     21.824     21.824      0.788    189134736 
            ?-?-?     21.730     13.868      0.473      3751730 
            ?-?-?     21.718     21.725      0.629    473903040 
            ?-?-?     21.624     21.616      0.991   1491725952 
            ?-?-?     23.899     24.678      0.594      3343829 
            ?-?-?     23.894     11.971      0.100     11148715 
            ?-?-?     23.889     23.895      0.654    331583840 
            ?-?-?     22.728     22.728      0.987    366177600 
            ?-?-?     22.728     12.418      0.808      1478667 
            ?-?-?     21.166     21.160      0.578    428140896 
            ?-?-?     21.166     12.403      0.808      6553958 
            ?-?-?     25.707     13.297      0.138      3262720 
            ?-?-?     25.693     10.153      0.630       873158 
            ?-?-?     25.695     25.696      0.899    402082976 
            ?-?-?     25.693     22.968      0.759      3239762 
            ?-?-?     14.034     12.246      0.197     10258595 
            ?-?-?     14.035     14.033      0.923    886570944 
            ?-?-?     22.880     24.494      0.461       742484 
            ?-?-?     22.869     10.289      0.571      5034489 
            ?-?-?     22.880     22.517      0.739      8354246 
            ?-?-?     22.878     22.886      0.956    630393216 
            ?-?-?     23.486     14.532      0.364      1302291 
            ?-?-?     23.483     13.909      0.734      5549168 
            ?-?-?     23.488     10.164      0.629      4758080 
            ?-?-?     23.487     23.495      0.700    315234272 
            ?-?-?     23.492     27.222      1.012      6240022 
            ?-?-?     23.486     24.015      1.075      2553132 
            ?-?-?     27.158     26.087      0.663      3041102 
            ?-?-?     27.208     10.164      0.630     15987515 
            ?-?-?     27.220     23.504      0.700      9480557 
            ?-?-?     27.208     27.216      1.012    405144448 
            ?-?-?     27.205     24.015      1.075      1555673 
            ?-?-?     27.205     21.897      0.768      1495735 
            ?-?-?     24.029     24.955      0.467      5019550 
            ?-?-?     24.007     10.163      0.630      7270934 
            ?-?-?     24.015     23.486      0.700      3012740 
            ?-?-?     24.014     24.004      1.075    249399248 
            ?-?-?     24.015     21.897      0.768      2269539 
            ?-?-?     21.925     10.151      0.628      1527304 
            ?-?-?     21.896     23.986      1.076      3248067 
            ?-?-?     21.897     21.897      0.768    419210016 
            ?-?-?     21.897     22.968      0.759      2266844 
            ?-?-?     22.276     26.087      0.664      1809401 
            ?-?-?     22.209     23.448      1.227      4864054 
            ?-?-?     22.205     22.200      0.913    443327552 
            ?-?-?     22.947     25.697      0.898      4536198 
            ?-?-?     22.968     21.897      0.768      2452787 
            ?-?-?     22.968     22.209      0.914      2555496 
            ?-?-?     22.968     22.968      0.759    343873408 
            ?-?-?     19.342     19.350      1.111    275081696 
            ?-?-?     19.343     23.503      0.924      1042177 
            ?-?-?     25.813     24.985      0.468      3534562 
            ?-?-?     25.819     25.823      0.669    400149216 
            ?-?-?     23.491     23.503      0.923    498885280 
            ?-?-?     23.490     11.992      1.123      5216520 
            ?-?-?     12.003     23.508      0.924      3717640 
            ?-?-?     11.997     11.989      1.124   1155784832 
            ?-?-?     17.164     21.123      0.662      1822141 
            ?-?-?     17.170     17.161      1.716    561126016 
            ?-?-?     12.408     21.154      0.577      3900628 
            ?-?-?     12.411     12.406      0.808   1736224128 
            ?-?-?     17.633     17.625      2.080    485186656 
            ?-?-?     16.977     16.982      2.080   1976741248 
            ?-?-?     23.028     13.098      0.723      3378234 
            ?-?-?     23.024     21.091      0.890      4633672 
            ?-?-?     23.028     23.028      0.361    360563808 
            ?-?-?     22.784     13.109      0.723     13432214 
            ?-?-?     22.777     25.411      0.835      5690438 
            ?-?-?     22.777     25.471      0.849      3842142 
            ?-?-?     22.777     22.777      1.044    457957312 
            ?-?-?     12.950     12.963      0.852   1383285120 
            ?-?-?     22.760     23.325      0.892      6278398 
            ?-?-?     22.760     22.760      1.011    352337472 
            ?-?-?     24.494     24.494      0.461    503170304 
