      Assignment         w1         w2         w3   Data Height 

            ?-?-?     21.716     13.976      0.319      2050884 
            ?-?-?     14.543     24.528      0.463      9808798 
            ?-?-?     10.252     24.493      0.459      2375525 
            ?-?-?     22.527     24.491      0.460      6092996 
            ?-?-?     20.753     24.456      0.460      1582407 
            ?-?-?     13.922     24.498      0.461     15230573 
            ?-?-?     22.870     24.453      0.460      4692414 
            ?-?-?     23.466     24.545      0.462      2574347 
            ?-?-?     21.131     21.137      0.906    621670848 
            ?-?-?     24.517     21.158      0.900      2448306 
            ?-?-?     14.555     21.211      0.908      2215569 
            ?-?-?     20.699     21.137      0.906      9453215 
            ?-?-?     19.990     21.137      0.906      1444003 
            ?-?-?     14.542     14.529      0.360    852455360 
            ?-?-?     24.496     14.525      0.360     15548222 
            ?-?-?     13.319     14.535      0.361      7164911 
            ?-?-?     26.146     14.534      0.360     30497230 
            ?-?-?     23.475     14.532      0.359      6535906 
            ?-?-?     22.516     14.534      0.361      8900509 
            ?-?-?     20.653     14.528      0.360     43820352 
            ?-?-?     13.917     14.525      0.360     62386660 
            ?-?-?     27.198     14.548      0.358      2752290 
            ?-?-?     13.307     13.311      0.130    600144000 
            ?-?-?     14.548     13.316      0.132      6264417 
            ?-?-?     26.144     13.318      0.131     32968710 
            ?-?-?     20.689     13.320      0.125      1894057 
            ?-?-?     13.966     13.370      0.135      4355140 
            ?-?-?     14.751     13.370      0.135      2264440 
            ?-?-?     10.142     13.296      0.134      1778572 
            ?-?-?     25.696     13.316      0.130      9726206 
            ?-?-?     27.190     13.329      0.127      1855282 
            ?-?-?     22.955     13.298      0.130      5247324 
            ?-?-?     26.147     26.153      0.659    267919680 
            ?-?-?     14.547     26.164      0.660     20594002 
            ?-?-?     13.307     26.173      0.660     31755026 
            ?-?-?     23.487     26.189      0.665      2890296 
            ?-?-?     20.651     26.172      0.660     11311827 
            ?-?-?     25.738     26.153      0.660      4041066 
            ?-?-?     27.235     26.148      0.664      3777548 
            ?-?-?     22.210     26.189      0.660      6072154 
            ?-?-?     26.134     23.463      1.230      1430624 
            ?-?-?     23.454     23.453      1.228    236033680 
            ?-?-?     27.226     23.492      1.236      2180206 
            ?-?-?     22.211     23.457      1.228     15689709 
            ?-?-?     22.517     22.515      0.737    401594688 
            ?-?-?     24.494     22.516      0.737     10091534 
            ?-?-?     14.544     22.517      0.737     11142723 
            ?-?-?     10.271     22.518      0.733      3814556 
            ?-?-?     20.699     22.567      0.738      2746452 
            ?-?-?     22.925     22.568      0.737      4633331 
            ?-?-?     20.656     20.693      0.732    322957312 
            ?-?-?     21.131     20.705      0.730      2086144 
            ?-?-?     14.546     20.693      0.733     33413722 
            ?-?-?     13.302     20.703      0.732      3766939 
            ?-?-?     26.148     20.693      0.733     12722184 
            ?-?-?     22.562     20.705      0.730       616900 
            ?-?-?     22.254     20.705      0.730      1114996 
            ?-?-?     26.000     26.021      1.118    180714960 
            ?-?-?     13.257     26.051      1.116      1647461 
            ?-?-?     14.707     25.994      1.127      6368668 
            ?-?-?     25.738     26.033      1.116     16103241 
            ?-?-?     19.953     19.975      0.892    564442240 
            ?-?-?     21.131     19.996      0.893      2795863 
            ?-?-?     14.644     19.978      0.893      1610623 
            ?-?-?     20.711     19.996      0.893      3201179 
            ?-?-?     13.912     13.908      0.732    812939840 
            ?-?-?     24.498     13.912      0.732     50628608 
            ?-?-?     14.506     13.901      0.733     96997776 
            ?-?-?     13.347     13.937      0.733      4181809 
            ?-?-?     26.167     13.920      0.731      4996866 
            ?-?-?     20.655     13.915      0.733      6255984 
            ?-?-?     14.751     13.919      0.733     11690021 
            ?-?-?     10.174     13.903      0.732      4226764 
            ?-?-?     23.485     13.911      0.733     42343840 
            ?-?-?     27.209     13.916      0.735      5378130 
            ?-?-?     14.711     14.736      0.422   1287547904 
            ?-?-?     13.294     14.705      0.423      2167362 
            ?-?-?     25.992     14.734      0.422     13083587 
            ?-?-?     19.974     14.669      0.419      2893830 
            ?-?-?     13.960     14.695      0.413      6612723 
            ?-?-?     21.864     14.729      0.421      6619370 
            ?-?-?     20.776     20.765      0.510    481326400 
            ?-?-?     19.992     20.765      0.510      2412680 
            ?-?-?     21.857     21.893      0.559    308654752 
            ?-?-?     13.969     21.872      0.562      2713004 
            ?-?-?     14.732     21.892      0.558      8344998 
            ?-?-?     20.943     21.877      0.559      1935890 
            ?-?-?     12.250     12.265      0.196   1126513024 
            ?-?-?     24.959     12.287      0.196      2075482 
            ?-?-?     19.459     12.265      0.197      8324016 
            ?-?-?     24.135     12.264      0.196      6999297 
            ?-?-?     14.798     12.265      0.197     12686513 
            ?-?-?     10.127     12.287      0.196      1670410 
            ?-?-?     14.039     12.265      0.196     76524984 
            ?-?-?     24.991     25.021      0.463    710389376 
            ?-?-?     12.299     25.036      0.464      1502288 
            ?-?-?     19.507     25.035      0.465      1163045 
            ?-?-?     10.182     25.010      0.464      3328086 
            ?-?-?     24.015     25.016      0.463     16165530 
            ?-?-?     21.894     25.015      0.462      2524823 
            ?-?-?     25.842     25.014      0.463      8930534 
            ?-?-?     19.461     19.493      1.347    161477872 
            ?-?-?     12.254     19.503      1.348      5688534 
            ?-?-?     24.145     19.497      1.347     15921466 
            ?-?-?     14.796     19.468      1.346      5407214 
            ?-?-?     24.141     24.142      0.969    327011808 
            ?-?-?     12.236     24.155      0.970      6485235 
            ?-?-?     19.466     24.155      0.969     20866246 
            ?-?-?     14.806     24.172      0.968      4257112 
            ?-?-?     14.796     14.796      0.837   1643225856 
            ?-?-?     21.847     14.797      0.837      4824510 
            ?-?-?     12.256     14.815      0.836      7784106 
            ?-?-?     19.460     14.782      0.835      4035176 
            ?-?-?     21.147     21.162      0.661    251177296 
            ?-?-?     22.773     21.168      0.661      1261574 
            ?-?-?     19.384     21.115      0.664      1718266 
            ?-?-?     17.215     21.168      0.661      5051810 
            ?-?-?     12.391     21.164      0.662      3670812 
            ?-?-?     23.555     23.561      0.778    265126464 
            ?-?-?     13.870     23.548      0.782      2980290 
            ?-?-?     23.944     23.561      0.778      6416912 
            ?-?-?     24.678     24.715      0.592    494076256 
            ?-?-?     23.520     24.736      0.594      2912626 
            ?-?-?     26.802     24.729      0.593      3815526 
            ?-?-?     12.563     24.714      0.592      9394426 
            ?-?-?     27.690     24.729      0.593       620492 
            ?-?-?     17.197     24.714      0.591      6574206 
            ?-?-?     11.978     24.705      0.591      5166896 
            ?-?-?     21.721     24.702      0.590      2429024 
            ?-?-?     23.913     24.734      0.593      4974114 
            ?-?-?     13.864     13.888      0.473    719129728 
            ?-?-?     23.475     13.874      0.471      3216094 
            ?-?-?     12.014     13.857      0.475      2558260 
            ?-?-?     21.722     13.885      0.472     21448194 
            ?-?-?     23.837     13.887      0.473      1691591 
            ?-?-?     23.031     23.070      0.854    698675904 
            ?-?-?     26.809     23.067      0.859      4391384 
            ?-?-?     24.397     23.012      0.860      1944013 
            ?-?-?     26.808     26.814      0.946    701411776 
            ?-?-?     24.616     26.826      0.946      4938077 
            ?-?-?     23.021     26.808      0.946      7147683 
            ?-?-?     12.563     26.814      0.945      8904146 
            ?-?-?     24.368     26.816      0.946     31145234 
            ?-?-?     27.619     26.826      0.946      3479140 
            ?-?-?     17.203     26.816      0.946     29059488 
            ?-?-?     12.565     12.568      0.580   1693485056 
            ?-?-?     24.693     12.560      0.580     10139381 
            ?-?-?     26.815     12.576      0.583      7112834 
            ?-?-?     24.374     12.568      0.580     13710818 
            ?-?-?     27.663     12.571      0.580     65137856 
            ?-?-?     23.371     12.579      0.580      7280950 
            ?-?-?     17.037     12.565      0.581     21443104 
            ?-?-?     17.197     12.569      0.580     90061880 
            ?-?-?     11.973     12.569      0.579     24997182 
            ?-?-?     23.837     12.565      0.581      2502556 
            ?-?-?     24.373     24.406      0.890    607443328 
            ?-?-?     24.723     24.426      0.890     16822320 
            ?-?-?     26.813     24.406      0.890     25779814 
            ?-?-?     12.569     24.409      0.890     11424364 
            ?-?-?     23.030     24.397      0.893      3170636 
            ?-?-?     27.637     24.462      0.890      1097797 
            ?-?-?     17.197     24.411      0.890     23948490 
            ?-?-?     22.927     22.933      0.778    525387584 
            ?-?-?     26.855     22.923      0.778      1233568 
            ?-?-?     27.662     27.688      0.962    198184464 
            ?-?-?     24.710     27.722      0.969      2153135 
            ?-?-?     12.573     27.689      0.961     39891252 
            ?-?-?     25.516     27.696      0.960       838783 
            ?-?-?     23.368     27.677      0.959      3620612 
            ?-?-?     17.012     27.687      0.962     18691392 
            ?-?-?     17.230     27.696      0.960      7202450 
            ?-?-?     11.974     27.687      0.962     25472834 
            ?-?-?     23.944     27.696      0.960       950286 
            ?-?-?     17.572     17.598      2.022   2145334784 
            ?-?-?     17.054     17.610      2.021      9188413 
            ?-?-?     13.200     17.596      2.024     22597358 
            ?-?-?     23.729     23.722      0.177    467968864 
            ?-?-?     27.623     23.740      0.179      1593080 
            ?-?-?     25.512     23.720      0.176     13956880 
            ?-?-?     23.370     23.795      0.181      7503984 
            ?-?-?     14.168     23.724      0.177     19251444 
            ?-?-?     17.012     23.719      0.177     31800160 
            ?-?-?     12.019     23.795      0.181       585630 
            ?-?-?     24.871     24.882     -0.313    540649792 
            ?-?-?     12.582     24.881     -0.317      1813035 
            ?-?-?     23.789     24.923     -0.313      1591771 
            ?-?-?     13.152     24.872     -0.312      3700106 
            ?-?-?     25.534     24.887     -0.313     11877035 
            ?-?-?     23.368     24.877     -0.313      3496800 
            ?-?-?     17.006     24.897     -0.313      3652126 
            ?-?-?     12.019     24.923     -0.313       659555 
            ?-?-?     13.135     13.149      0.720   1055011648 
            ?-?-?     23.789     13.149      0.722      2408542 
            ?-?-?     24.858     13.154      0.719      3628586 
            ?-?-?     21.070     13.163      0.725      4219827 
            ?-?-?     25.449     13.148      0.720     29901420 
            ?-?-?     14.230     13.149      0.722      2967606 
            ?-?-?     23.073     13.149      0.722      7064870 
            ?-?-?     22.803     13.148      0.720     59451736 
            ?-?-?     13.833     13.858      0.766   1000650752 
            ?-?-?     21.458     21.464      0.725    105673288 
            ?-?-?     21.144     21.464      0.725     25632862 
            ?-?-?     21.144     21.148      0.888    774989440 
            ?-?-?     13.143     21.151      0.888       753815 
            ?-?-?     21.458     21.150      0.886     28207722 
            ?-?-?     25.456     21.151      0.888      1585605 
            ?-?-?     23.073     21.150      0.887     14401094 
            ?-?-?     22.822     21.150      0.888      2744924 
            ?-?-?     24.917     25.462      0.834      6189496 
            ?-?-?     21.269     25.444      0.832      1939583 
            ?-?-?     25.516     25.460      0.834    252832240 
            ?-?-?     23.370     25.462      0.835      5546897 
            ?-?-?     14.230     25.461      0.834      3921511 
            ?-?-?     23.073     25.462      0.833      3061527 
            ?-?-?     22.822     25.463      0.834     16162894 
            ?-?-?     23.944     25.480      0.834      2364106 
            ?-?-?     25.516     25.522      0.848    461698464 
            ?-?-?     23.789     25.520      0.846     15803952 
            ?-?-?     24.917     25.522      0.848      9756977 
            ?-?-?     23.436     25.521      0.847      4265908 
            ?-?-?     14.230     25.522      0.848     10784538 
            ?-?-?     17.054     25.523      0.845      3571224 
            ?-?-?     22.805     25.522      0.848     15183027 
            ?-?-?     23.370     23.376      0.891    201608112 
            ?-?-?     23.789     23.376      0.890      4606489 
            ?-?-?     25.516     23.375      0.891      7107796 
            ?-?-?     14.230     23.376      0.890      4531014 
            ?-?-?     22.805     23.374      0.891     16026778 
            ?-?-?     24.033     23.376      0.891      1259718 
            ?-?-?     23.436     23.442      0.797    380497632 
            ?-?-?     12.612     23.440      0.795      2615542 
            ?-?-?     27.690     23.442      0.797      2369674 
            ?-?-?     23.789     23.441      0.796      8592729 
            ?-?-?     24.917     23.442      0.796       879831 
            ?-?-?     17.054     23.440      0.797      8897382 
            ?-?-?     14.230     14.236      0.737    740065536 
            ?-?-?     23.789     14.234      0.735     31207480 
            ?-?-?     25.516     14.236      0.737     24919658 
            ?-?-?     23.370     14.236      0.736     14094697 
            ?-?-?     17.054     14.235      0.737     26004790 
            ?-?-?     12.996     14.236      0.736      3502613 
            ?-?-?     17.008     17.017      2.016   2409763072 
            ?-?-?     12.572     17.010      2.014     14346905 
            ?-?-?     27.665     17.017      2.016     38696368 
            ?-?-?     17.604     17.060      2.016     10401080 
            ?-?-?     23.732     17.017      2.018     53976104 
            ?-?-?     24.875     17.016      2.017      5829581 
            ?-?-?     25.522     17.021      2.015     14439151 
            ?-?-?     23.385     17.018      2.017     25802000 
            ?-?-?     14.169     17.015      2.017     54022012 
            ?-?-?     13.227     17.060      2.016      2402895 
            ?-?-?     11.973     17.013      2.017     11891219 
            ?-?-?     13.193     13.176      0.871   1735288576 
            ?-?-?     17.565     13.173      0.871     16392010 
            ?-?-?     17.197     17.183      1.843    349624512 
            ?-?-?     24.664     17.179      1.844     12972460 
            ?-?-?     26.811     17.186      1.843     37846568 
            ?-?-?     12.568     17.182      1.843    132105384 
            ?-?-?     24.373     17.181      1.843     38189304 
            ?-?-?     22.945     17.183      1.842      2042977 
            ?-?-?     27.666     17.183      1.842     12986077 
            ?-?-?     11.976     17.177      1.842      6191914 
            ?-?-?     11.972     11.975      0.100   1482129536 
            ?-?-?     23.549     11.974      0.100      5432463 
            ?-?-?     24.692     11.970      0.099      3923512 
            ?-?-?     13.917     11.972      0.101      1475006 
            ?-?-?     12.559     11.977      0.098     21541254 
            ?-?-?     27.665     11.978      0.099     32220484 
            ?-?-?     24.869     11.993      0.097      2876371 
            ?-?-?     17.017     11.974      0.100      8626550 
            ?-?-?     17.230     11.972      0.101      3068324 
            ?-?-?     23.891     11.978      0.099     53627600 
            ?-?-?     13.880     13.902      0.317     98394160 
            ?-?-?     21.869     21.875      0.787    152969120 
            ?-?-?     23.075     21.875      0.787      2619019 
            ?-?-?     21.720     21.752      0.627    346793312 
            ?-?-?     13.862     21.754      0.626     21106752 
            ?-?-?     21.625     21.625      0.990   1446694784 
            ?-?-?     23.881     23.889      0.653    196708048 
            ?-?-?     23.555     23.950      0.654      5809092 
            ?-?-?     24.662     23.866      0.651      3490277 
            ?-?-?     27.654     23.897      0.654      1369591 
            ?-?-?     11.977     23.881      0.652     36657388 
            ?-?-?     21.673     23.950      0.654      1902976 
            ?-?-?     22.773     22.779      0.986    226494304 
            ?-?-?     21.162     22.779      0.986      1652404 
            ?-?-?     12.463     22.779      0.986      3840812 
            ?-?-?     21.172     21.176      0.578    412207168 
            ?-?-?     19.418     21.221      0.578      1092420 
            ?-?-?     22.773     21.221      0.578      1345252 
            ?-?-?     12.402     21.178      0.578     31248358 
            ?-?-?     17.583     21.203      0.578      1980914 
            ?-?-?     25.707     25.715      0.899    187355360 
            ?-?-?     13.343     25.671      0.900      7411886 
            ?-?-?     26.027     25.744      0.898      6485704 
            ?-?-?     10.198     25.744      0.898      2187240 
            ?-?-?     22.972     25.723      0.899     13678345 
            ?-?-?     14.037     14.048      0.922   1578364288 
            ?-?-?     24.498     14.033      0.922      3716959 
            ?-?-?     21.906     14.092      0.923      1956382 
            ?-?-?     12.255     14.049      0.922    102226968 
            ?-?-?     23.509     14.042      0.926      2934432 
            ?-?-?     22.880     22.903      0.955    668526528 
            ?-?-?     24.516     22.914      0.959      3094883 
            ?-?-?     10.267     22.913      0.955     25426904 
            ?-?-?     22.562     22.931      0.955     11795836 
            ?-?-?     23.483     23.520      0.698    242219728 
            ?-?-?     24.539     23.537      0.699       495016 
            ?-?-?     14.541     23.547      0.702      6616370 
            ?-?-?     10.160     23.525      0.699     19625004 
            ?-?-?     13.928     23.524      0.699     19708552 
            ?-?-?     27.218     23.534      0.700     25109266 
            ?-?-?     24.060     23.537      0.699      3818836 
            ?-?-?     27.209     27.243      1.011    177513472 
            ?-?-?     14.577     27.256      1.010      2127109 
            ?-?-?     13.364     27.256      1.010      1740648 
            ?-?-?     26.162     27.239      1.010      4972158 
            ?-?-?     23.488     27.247      1.012     21091808 
            ?-?-?     13.966     27.256      1.010      2606749 
            ?-?-?     10.165     27.242      1.011     32063358 
            ?-?-?     24.022     27.256      1.010      4690226 
            ?-?-?     21.910     27.226      1.011      3948518 
            ?-?-?     22.226     27.241      1.015      4322204 
            ?-?-?     23.013     27.256      1.010      1369421 
            ?-?-?     24.007     24.002      1.073    295191104 
            ?-?-?     24.995     24.008      1.076     18712816 
            ?-?-?     10.162     24.005      1.074     45211612 
            ?-?-?     23.531     24.066      1.074      2059894 
            ?-?-?     27.214     24.008      1.076      7348408 
            ?-?-?     21.906     24.011      1.075     18652754 
            ?-?-?     25.878     24.014      1.075      4746384 
            ?-?-?     21.942     21.946      0.767    286608736 
            ?-?-?     23.493     21.948      0.765      2709586 
            ?-?-?     10.198     21.945      0.767     11376669 
            ?-?-?     27.250     21.948      0.766      6136076 
            ?-?-?     24.060     21.949      0.767     16811828 
            ?-?-?     22.272     21.930      0.768     17059676 
            ?-?-?     23.013     21.948      0.767      2839929 
            ?-?-?     19.388     21.947      0.766      3186695 
            ?-?-?     25.856     21.948      0.767      2585862 
            ?-?-?     22.210     22.215      0.911    291065568 
            ?-?-?     13.404     22.215      0.911      2415906 
            ?-?-?     26.151     22.224      0.912      5771388 
            ?-?-?     23.458     22.218      0.911     22393122 
            ?-?-?     10.218     22.221      0.913      2097576 
            ?-?-?     27.206     22.220      0.913      4243510 
            ?-?-?     24.060     22.260      0.913      1863245 
            ?-?-?     21.942     22.260      0.913     20852246 
            ?-?-?     22.977     22.207      0.913      4033227 
            ?-?-?     23.013     23.019      0.758    273297888 
            ?-?-?     13.364     23.018      0.757      4874804 
            ?-?-?     26.147     23.018      0.757      1192105 
            ?-?-?     10.198     23.019      0.758      1905874 
            ?-?-?     25.738     23.019      0.759     13725070 
            ?-?-?     21.942     23.019      0.758      2051462 
            ?-?-?     22.254     23.017      0.758      4646410 
            ?-?-?     23.548     23.019      0.759      2052086 
            ?-?-?     19.335     19.370      1.113    184770928 
            ?-?-?     24.060     19.394      1.109       998763 
            ?-?-?     21.942     19.394      1.109       689857 
            ?-?-?     23.473     19.381      1.111      4268879 
            ?-?-?     12.018     19.368      1.110      2130792 
            ?-?-?     17.215     19.394      1.109       643882 
            ?-?-?     25.856     25.862      0.667    203862192 
            ?-?-?     25.030     25.864      0.668      5568898 
            ?-?-?     27.250     25.862      0.667       441858 
            ?-?-?     24.060     25.863      0.669      3003013 
            ?-?-?     21.942     25.862      0.667       686301 
            ?-?-?     19.388     25.865      0.666      1615022 
            ?-?-?     23.473     23.506      0.920    399228768 
            ?-?-?     23.013     23.554      0.923      5341288 
            ?-?-?     19.336     23.508      0.922      5019102 
            ?-?-?     12.024     23.511      0.921     23948076 
            ?-?-?     12.014     12.010      1.123   1323044736 
            ?-?-?     23.464     12.015      1.122     31761546 
            ?-?-?     17.212     12.130      1.120      1921529 
            ?-?-?     17.189     17.179      1.712    446776768 
            ?-?-?     21.116     17.183      1.714     11148639 
            ?-?-?     19.388     17.221      1.716      2714999 
            ?-?-?     12.039     17.221      1.716      1108756 
            ?-?-?     12.401     12.414      0.806   2846604288 
            ?-?-?     19.507     12.469      0.807       862209 
            ?-?-?     21.174     12.415      0.806     55667452 
            ?-?-?     22.725     12.413      0.806     19689066 
            ?-?-?     17.690     12.469      0.807      4862061 
            ?-?-?     17.619     17.621      2.078    314087968 
            ?-?-?     22.773     17.696      2.078       711840 
            ?-?-?     21.215     17.696      2.078       537126 
            ?-?-?     12.463     17.696      2.078       551700 
            ?-?-?     16.985     17.008      2.079   5229572608 
            ?-?-?     23.030     23.048      0.358    234478608 
            ?-?-?     13.143     23.079      0.360      3797375 
            ?-?-?     21.458     23.079      0.360      2556262 
            ?-?-?     21.144     23.079      0.360     13118978 
            ?-?-?     22.822     23.079      0.360     21790404 
            ?-?-?     22.822     22.828      1.044    294158816 
            ?-?-?     24.917     22.826      1.043      1002278 
            ?-?-?     13.143     22.828      1.042     50755352 
            ?-?-?     25.456     22.826      1.043     17943580 
            ?-?-?     23.370     22.829      1.041      5205884 
            ?-?-?     23.073     22.828      1.043     14076090 
            ?-?-?     12.996     22.828      1.043     15938363 
            ?-?-?     12.949     12.985      0.851   2078745472 
            ?-?-?     14.230     13.002      0.852      3137179 
            ?-?-?     22.857     12.989      0.859      3668588 
            ?-?-?     22.805     22.810      1.010    210584576 
            ?-?-?     13.143     22.811      1.010      2243052 
            ?-?-?     25.456     22.810      1.010      5457291 
            ?-?-?     23.370     22.811      1.010     13887366 
            ?-?-?     24.033     22.811      1.010      1641257 
            ?-?-?     10.156     10.180      0.629    989511936 
            ?-?-?     13.352     10.191      0.628      3702807 
            ?-?-?     26.152     10.189      0.628      2480684 
            ?-?-?     13.927     10.169      0.626      2423248 
            ?-?-?     12.299     10.204      0.629       503365 
            ?-?-?     24.998     10.174      0.632      5099243 
            ?-?-?     25.725     10.187      0.632      6685704 
            ?-?-?     23.479     10.178      0.629     28845466 
            ?-?-?     27.211     10.184      0.630     53816052 
            ?-?-?     24.019     10.184      0.630     45223696 
            ?-?-?     21.903     10.180      0.629     14412841 
            ?-?-?     22.147     10.204      0.629      2456826 
            ?-?-?     22.870     10.204      0.629      1555493 
            ?-?-?     10.276     10.306      0.570   1860251520 
            ?-?-?     24.551     10.204      0.581      2014016 
            ?-?-?     22.551     10.317      0.570      5135288 
            ?-?-?     22.879     10.302      0.570     37801336 
            ?-?-?     24.033     24.039      0.758      4256336 
            ?-?-?     23.370     24.039      0.758      1233934 
            ?-?-?     11.953     23.543      0.779      2633157 
            ?-?-?     13.146     25.521      0.849     19844252 
            ?-?-?     13.111     25.467      0.835     18586890 
            ?-?-?     24.494     24.494      0.461    429933856 
